time	longitude	latitude	altitude
755143836.0000000000000000	2.1918305703911205	0.6262474716217861	352676.9805732928216457
755143846.0000000000000000	2.1888275279035758	0.6375532584533747	352614.3150876313447952
755143856.0000000000000000	2.1857860400357230	0.6488565551981241	352552.0624425839632750
755143866.0000000000000000	2.1827045273218384	0.6601572551832057	352490.2452387185767293
755143876.0000000000000000	2.1795813355641069	0.6714552467856003	352428.8860962782055140
755143886.0000000000000000	2.1764147311557545	0.6827504131140426	352368.0076442165300250
755143896.0000000000000000	2.1732028959422034	0.6940426316668863	352307.6325091971084476
755143906.0000000000000000	2.1699439217637870	0.7053317739637388	352247.7833045991137624
755143916.0000000000000000	2.1666358046093905	0.7166177051484852	352188.4826194755733013
755143926.0000000000000000	2.1632764382123435	0.7279002835610772	352129.7530075460672379
755143936.0000000000000000	2.1598636072215736	0.7391793602751885	352071.6169761512428522
755143946.0000000000000000	2.1563949798293138	0.7504547785985267	352014.0969752483069897
755143956.0000000000000000	2.1528680997754703	0.7617263735322460	351957.2153863990679383
755143966.0000000000000000	2.1492803777451717	0.7729939711855148	351900.9945117775350809
755143976.0000000000000000	2.1456290819808044	0.7842573881408584	351845.4565632147714496
755143986.0000000000000000	2.1419113281630904	0.7955164307654063	351790.6236512660980225
755143996.0000000000000000	2.1381240685062597	0.8067708944626114	351736.5177743081003428
755144006.0000000000000000	2.1342640796981560	0.8180205628583943	351683.1608076998963952
755144016.0000000000000000	2.1303279500194785	0.8292652069149528	351630.5744929676875472
755144026.0000000000000000	2.1263120652086847	0.8405045839646743	351578.7804270666092634
755144036.0000000000000000	2.1222125930706053	0.8517384366556915	351527.8000516816973686
755144046.0000000000000000	2.1180254667618850	0.8629664917995786	351477.6546426136046648
755144056.0000000000000000	2.1137463663868163	0.8741884591105258	351428.3652992229908705
755144066.0000000000000000	2.1093706990139318	0.8854040298239807	351379.9529339578002691
755144076.0000000000000000	2.1048935767959334	0.8966128751812401	351332.4382619634270668
755144086.0000000000000000	2.1003097928523604	0.9078146447647135	351285.8417907711118460
755144096.0000000000000000	2.0956137949554696	0.9190089646665938	351240.1838100953027606
755144106.0000000000000000	2.0907996565277047	0.9301954354713811	351195.4843817157670856
755144116.0000000000000000	2.0858610447739974	0.9413736300300710	351151.7633294714614749
755144126.0000000000000000	2.0807911855291179	0.9525430910007795	351109.0402293549850583
755144136.0000000000000000	2.0755828244717209	0.9637033281270888	351067.3343997308984399
755144146.0000000000000000	2.0702281842904857	0.9748538152213426	351026.6648916676640511
755144156.0000000000000000	2.0647189173211946	0.9859939868154339	350987.0504793813452125
755144166.0000000000000000	2.0590460529525134	0.9971232344361839	350948.5096508283168077
755144176.0000000000000000	2.0531999393324982	1.0082409024560817	350911.0605984227731824
755144186.0000000000000000	2.0471701785624656	1.0193462834627691	350874.7212098734453321
755144196.0000000000000000	2.0409455545620112	1.0304386130820311	350839.5090591916814446
755144206.0000000000000000	2.0345139525659182	1.0415170641789526	350805.4413978271186352
755144216.0000000000000000	2.0278622692917851	1.0525807403500735	350772.5351459514349699
755144226.0000000000000000	2.0209763123854994	1.0636286686054075	350740.8068839060142636
755144236.0000000000000000	2.0138406878688606	1.0746597911228168	350710.2728438051417470
755144246.0000000000000000	2.0064386735857571	1.0856729559378178	350680.9489012956619263
755144256.0000000000000000	1.9987520771608067	1.0966669064089618	350652.8505674926564097
755144266.0000000000000000	1.9907610759186556	1.1076402692717096	350625.9929810753092170
755144276.0000000000000000	1.9824440363798048	1.1185915410613876	350600.3909005597233772
755144286.0000000000000000	1.9737773102399694	1.1295190726472608	350576.0586967505514622
755144296.0000000000000000	1.9647350036091482	1.1404210515738018	350553.0103453714400530
755144306.0000000000000000	1.9552887153355520	1.1512954818502676	350531.2594198770821095
755144316.0000000000000000	1.9454072401404012	1.1621401607638635	350510.8190844580531120
755144326.0000000000000000	1.9350562309820420	1.1729526522128610	350491.7020872281864285
755144336.0000000000000000	1.9241978149460550	1.1837302559612530	350473.9207536093890667
755144346.0000000000000000	1.9127901554933167	1.1944699721026844	350457.4869799101725221
755144356.0000000000000000	1.9007869533259265	1.2051684598845156	350442.4122271072119474
755144366.0000000000000000	1.8881368766519799	1.2158219898784592	350428.7075148215517402
755144376.0000000000000000	1.8747829110263854	1.2264263882868576	350416.3834155006334186
755144386.0000000000000000	1.8606616172930510	1.2369769719373380	350405.4500488154590130
755144396.0000000000000000	1.8457022855233931	1.2474684722366107	350395.9170762468129396
755144406.0000000000000000	1.8298259717200671	1.2578949460196487	350387.7936959061771631
755144416.0000000000000000	1.8129444041810452	1.2682496708370283	350381.0886375457048416
755144426.0000000000000000	1.7949587468523580	1.2785250217661186	350375.8101578066125512
755144436.0000000000000000	1.7757582093764968	1.2887123263107383	350371.9660356640815735
755144446.0000000000000000	1.7552184982764643	1.2988016933765352	350369.5635681049898267
755144456.0000000000000000	1.7332001127901184	1.3087818116983816	350368.6095660151913762
755144466.0000000000000000	1.7095465036382858	1.3186397124996025	350369.1103502968326211
755144476.0000000000000000	1.6840821376668476	1.3283604906716326	350371.0717482101172209
755144486.0000000000000000	1.6566105488965368	1.3379269785356587	350374.4990899227559566
755144496.0000000000000000	1.6269125152329593	1.3473193665512027	350379.3972053155303001
755144506.0000000000000000	1.5947445851990716	1.3565147665986466	350385.7704209834337234
755144516.0000000000000000	1.5598383028520684	1.3654867163474453	350393.6225574882701039
755144526.0000000000000000	1.5219006508123303	1.3742046287169858	350402.9569268226623535
755144536.0000000000000000	1.4806164591028357	1.3826331999362462	350413.7763301236554980
755144546.0000000000000000	1.4356538105459704	1.3907318050329136	350426.0830555902794003
755144556.0000000000000000	1.3866737883971221	1.3984539328266987	350439.8788766628131270
755144566.0000000000000000	1.3333461898629759	1.4057467454838366	350455.1650504097342491
755144576.0000000000000000	1.2753729302569152	1.4125508906799873	350471.9423161549493670
755144586.0000000000000000	1.2125205386680973	1.4188007437730898	350490.2108943397179246
755144596.0000000000000000	1.1446620482990011	1.4244253020169830	350509.9704856192693114
755144606.0000000000000000	1.0718263425728667	1.4293499704989510	350531.2202701801434159
755144616.0000000000000000	0.9942494834895718	1.4334994360067517	350553.9589073024690151
755144626.0000000000000000	0.9124182221463981	1.4368016824454968	350578.1845351485535502
755144636.0000000000000000	0.8270923377732324	1.4391929406225905	350603.8947707796469331
755144646.0000000000000000	0.7392922265372818	1.4406230205179156	350631.0867104241624475
755144656.0000000000000000	0.6502436436357633	1.4410601577091839	350659.7569299470633268
755144666.0000000000000000	0.5612827468599448	1.4404943838141642	350689.9014855772256851
755144676.0000000000000000	0.4737377894534303	1.4389386339633410	350721.5159148434177041
755144686.0000000000000000	0.3888125299145394	1.4364273163905619	350754.5952377654612064
755144696.0000000000000000	0.3074957637684569	1.4330126976327622	350789.1339598242193460
755144706.0000000000000000	0.2305117244686679	1.4287599364188561	350825.1260716104879975
755144716.0000000000000000	0.1583128140612182	1.4237417572429405	350862.5650496231392026
755144726.0000000000000000	0.0911054969650524	1.4180335982080210	350901.4438598230481148
755144736.0000000000000000	0.0288955226501510	1.4117097387106405	350941.7549599418416619
755144746.0000000000000000	-0.0284605433867686	1.4048405740777870	350983.4903020150959492
755144756.0000000000000000	-0.0812067182087970	1.3974909583533153	351026.6413351390510798
755144766.0000000000000000	-0.1296468800933001	1.3897194085055191	351071.1990084396675229
755144776.0000000000000000	-0.1741135017523209	1.3815779300087903	351117.1537742679938674
755144786.0000000000000000	-0.2149453350179656	1.3731122466180115	351164.4955916153267026
755144796.0000000000000000	-0.2524725687122501	1.3643622633940016	351213.2139297304674983
755144806.0000000000000000	-0.2870077305704132	1.3553626410005326	351263.2977719632908702
755144816.0000000000000000	-0.3188407393748924	1.3461434010807303	351314.7356198122724891
755144826.0000000000000000	-0.3482368026636584	1.3367305141751342	351367.5154971852898598
755144836.0000000000000000	-0.3754361683106417	1.3271464437439016	351421.6249548671767116
755144846.0000000000000000	-0.4006550152656119	1.3174106343089238	351477.0510751903057098
755144856.0000000000000000	-0.4240869887759710	1.3075399406170125	351533.7804769063368440
755144866.0000000000000000	-0.4459050504868914	1.2975489998120433	351591.7993202665820718
755144876.0000000000000000	-0.4662634319754654	1.2874505512298329	351651.0933122886344790
755144886.0000000000000000	-0.4852995615210331	1.2772557095351131	351711.6477122344076633
755144896.0000000000000000	-0.5031358892851909	1.2669741971341235	351773.4473372548818588
755144906.0000000000000000	-0.5198815720897483	1.2566145415224383	351836.4765682611614466
755144916.0000000000000000	-0.5356340014984041	1.2461842427153176	351900.7193559464067221
755144926.0000000000000000	-0.5504801734864816	1.2356899153052909	351966.1592270182445645
755144936.0000000000000000	-0.5644979059297978	1.2251374090828799	352032.7792906016111374
755144946.0000000000000000	-0.5777569145256999	1.2145319115853037	352100.5622448194772005
755144956.0000000000000000	-0.5903197602282240	1.2038780354249012	352169.4903835579752922
755144966.0000000000000000	-0.6022426810654798	1.1931798928002673	352239.5456033889204264
755144976.0000000000000000	-0.6135763215879392	1.1824411592074924	352310.7094106776639819
755144986.0000000000000000	-0.6243663720750326	1.1716651280415629	352382.9629288455471396
755144996.0000000000000000	-0.6346541284749002	1.1608547575022419	352456.2869058046489954
755145006.0000000000000000	-0.6444769831525264	1.1500127109878289	352530.6617215378209949
755145016.0000000000000000	-0.6538688552677731	1.1391413919673929	352606.0673958463594317
755145026.0000000000000000	-0.6628605684412232	1.1282429741614928	352682.4835962560027838
755145036.0000000000000000	-0.6714801828422654	1.1173194277277418	352759.8896460430696607
755145046.0000000000000000	-0.6797532872000799	1.1063725420363799	352838.2645324431359768
755145056.0000000000000000	-0.6877032561726223	1.0954039455284752	352917.5869149696081877
755145066.0000000000000000	-0.6953514775259221	1.0844151230722725	352997.8351338896900415
755145076.0000000000000000	-0.7027175528254473	1.0734074311689075	353078.9872188232839108
755145086.0000000000000000	-0.7098194752149130	1.0623821113050116	353161.0208974787965417
755145096.0000000000000000	-0.7166737869570489	1.0513403017047800	353243.9136045072227716
755145106.0000000000000000	-0.7232957194297928	1.0402830476964291	353327.6424904866144061
755145116.0000000000000000	-0.7296993176888520	1.0292113108763252	353412.1844310173764825
755145126.0000000000000000	-0.7358975513677924	1.0181259772274682	353497.5160359377041459
755145136.0000000000000000	-0.7419024138381272	1.0070278643265356	353583.6136586405336857
755145146.0000000000000000	-0.7477250107262744	0.9959177277547480	353670.4534055041149259
755145156.0000000000000000	-0.7533756392523938	0.9847962668117335	353758.0111454240977764
755145166.0000000000000000	-0.7588638593911411	0.9736641296179320	353846.2625194266438484
755145176.0000000000000000	-0.7641985577749938	0.9625219176794781	353935.1829504081979394
755145186.0000000000000000	-0.7693880052365230	0.9513701899796101	354024.7476529199630022
755145196.0000000000000000	-0.7744399086376582	0.9402094666521984	354114.9316430734470487
755145206.0000000000000000	-0.7793614576468244	0.9290402322857514	354205.7097485130652785
755145216.0000000000000000	-0.7841593670476387	0.9178629389000539	354297.0566184483468533
755145226.0000000000000000	-0.7888399149939631	0.9066780086322390	354388.9467337895184755
755145236.0000000000000000	-0.7934089777133789	0.8954858361645183	354481.3544173147529364
755145246.0000000000000000	-0.7978720610158198	0.8842867909217959	354574.2538439296185970
755145256.0000000000000000	-0.8022343288689404	0.8730812190639886	354667.6190509637817740
755145266.0000000000000000	-0.8065006295105728	0.8618694452948638	354761.4239485254511237
755145276.0000000000000000	-0.8106755191856061	0.8506517745066471	354855.6423299070447683
755145286.0000000000000000	-0.8147632837687612	0.8394284932773916	354950.2478820346295834
755145296.0000000000000000	-0.8187679586107075	0.8281998712361340	355045.2141959564760327
755145306.0000000000000000	-0.8226933466238391	0.8169661623091633	355140.5147773595526814
755145316.0000000000000000	-0.8265430348441130	0.8057276058592200	355236.1230571204796433
755145326.0000000000000000	-0.8303204096877348	0.7944844277281317	355332.0124018918722868
755145336.0000000000000000	-0.8340286708584915	0.7832368411922447	355428.1561246840283275
755145346.0000000000000000	-0.8376708442043445	0.7719850478389914	355524.5274954857304692
755145356.0000000000000000	-0.8412497935041179	0.7607292383720414	355621.0997518924996257
755145366.0000000000000000	-0.8447682313653759	0.7494695933517048	355717.8461097199469805
755145376.0000000000000000	-0.8482287291940102	0.7382062838765463	355814.7397736553102732
755145386.0000000000000000	-0.8516337264931731	0.7269394722115698	355911.7539478708058596
755145396.0000000000000000	-0.8549855393851208	0.7156693123677723	356008.8618466537445784
755145406.0000000000000000	-0.8582863684902168	0.7043959506373942	356106.0367050049826503
755145416.0000000000000000	-0.8615383062913080	0.6931195260887548	356203.2517892401665449
755145426.0000000000000000	-0.8647433438662950	0.6818401710241825	356300.4804075527936220
755145436.0000000000000000	-0.8679033771652018	0.6705580114042069	356397.6959205605089664
755145446.0000000000000000	-0.8710202129019317	0.6592731672408760	356494.8717518094927073
755145456.0000000000000000	-0.8740955739233390	0.6479857529627888	356591.9813982611522079
755145466.0000000000000000	-0.8771311042640397	0.6366958777541902	356688.9984407192096114
755145476.0000000000000000	-0.8801283738449363	0.6254036458702578	356785.8965542186051607
755145486.0000000000000000	-0.8830888828215571	0.6141091569305124	356882.6495183734223247
755145496.0000000000000000	-0.8860140656804343	0.6028125061921126	356979.2312276521697640
755145506.0000000000000000	-0.8889052950339416	0.5915137848046261	357075.6157016158103943
755145516.0000000000000000	-0.8917638851638726	0.5802130800477462	357171.7770950691774487
755145526.0000000000000000	-0.8945910953621794	0.5689104755532683	357267.6897081630304456
755145536.0000000000000000	-0.8973881330138022	0.5576060515125509	357363.3279964160174131
755145546.0000000000000000	-0.9001561565104956	0.5462998848705649	357458.6665806565433741
755145556.0000000000000000	-0.9028962779886710	0.5349920495075435	357553.6802568864077330
755145566.0000000000000000	-0.9056095658247666	0.5236826164091675	357648.3440060606226325
755145576.0000000000000000	-0.9082970471261874	0.5123716538261283	357742.6330037703737617
755145586.0000000000000000	-0.9109597099018347	0.5010592274238586	357836.5226298402994871
755145596.0000000000000000	-0.9135985052065112	0.4897454004231421	357929.9884778112173080
755145606.0000000000000000	-0.9162143491524770	0.4784302337322623	358023.0063643362373114
755145616.0000000000000000	-0.9188081247315859	0.4671137860712973	358115.5523384660482407
755145626.0000000000000000	-0.9213806836308528	0.4557961140891205	358207.6026908019557595
755145636.0000000000000000	-0.9239328478744093	0.4444772724736179	358299.1339625623077154
755145646.0000000000000000	-0.9264654113716160	0.4331573140556029	358390.1229545148089528
755145656.0000000000000000	-0.9289791414651156	0.4218362899068604	358480.5467357682064176
755145666.0000000000000000	-0.9314747802156057	0.4105142494327285	358570.3826524727046490
755145676.0000000000000000	-0.9339530458654307	0.3991912404595956	358659.6083363471552730
755145686.0000000000000000	-0.9364146340059227	0.3878673093176537	358748.2017130982130766
755145696.0000000000000000	-0.9388602187879420	0.3765425009192356	358836.1410106886178255
755145706.0000000000000000	-0.9412904540563634	0.3652168588330280	358923.4047674620524049
755145716.0000000000000000	-0.9437059743907723	0.3538904253544461	359009.9718401115387678
755145726.0000000000000000	-0.9461073961653488	0.3425632415724178	359095.8214115165174007
755145736.0000000000000000	-0.9484953185077977	0.3312353474328229	359180.9329983992502093
755145746.0000000000000000	-0.9508703241388088	0.3199067817988090	359265.2864588471129537
755145756.0000000000000000	-0.9532329803789159	0.3085775825081918	359348.8619996421039104
755145766.0000000000000000	-0.9555838398963383	0.2972477864281318	359431.6401834590360522
755145776.0000000000000000	-0.9579234415259399	0.2859174295072722	359513.6019358690828085
755145786.0000000000000000	-0.9602523110453997	0.2745865468255047	359594.7285521635785699
755145796.0000000000000000	-0.9625709618454882	0.2632551726415207	359675.0017040474340320
755145806.0000000000000000	-0.9648798957149259	0.2519233404383014	359754.4034460885450244
755145816.0000000000000000	-0.9671796034654353	0.2405910829666797	359832.9162220321595669
755145826.0000000000000000	-0.9694705655299003	0.2292584322871107	359910.5228709084913135
755145836.0000000000000000	-0.9717532526664427	0.2179254198097678	359987.2066329652443528
755145846.0000000000000000	-0.9740281265009414	0.2065920763330893	360062.9511553933843970
755145856.0000000000000000	-0.9762956400842524	0.1952584320808750	360137.7404978629201651
755145866.0000000000000000	-0.9785562384947875	0.1839245167380443	360211.5591378724202514
755145876.0000000000000000	-0.9808103593132883	0.1725903594851488	360284.3919758806005120
755145886.0000000000000000	-0.9830584331894671	0.1612559890317353	360356.2243402563035488
755145896.0000000000000000	-0.9853008843272190	0.1499214336486474	360427.0419919956475496
755145906.0000000000000000	-0.9875381309260375	0.1385867211993450	360496.8311292631551623
755145916.0000000000000000	-0.9897705857107988	0.1272518791703316	360565.5783917047083378
755145926.0000000000000000	-0.9919986563764568	0.1159169347007547	360633.2708645518869162
755145936.0000000000000000	-0.9942227460214900	0.1045819146112614	360699.8960825074464083
755145946.0000000000000000	-0.9964432536002731	0.0932468454321773	360765.4420334314927459
755145956.0000000000000000	-0.9986605743226367	0.0819117534310729	360829.8971617892384529
755145966.0000000000000000	-1.0008751001180007	0.0705766646397903	360893.2503718920052052
755145976.0000000000000000	-1.0030872200413634	0.0592416048809878	360955.4910309193655849
755145986.0000000000000000	-1.0052973206002300	0.0479065997942667	361016.6089717056602240
755145996.0000000000000000	-1.0075057862871537	0.0365716748619418	361076.5944953095167875
755146006.0000000000000000	-1.0097129998894969	0.0252368554345110	361135.4383733645081520
755146016.0000000000000000	-1.0119193429119584	0.0139021667558863	361193.1318501923233271
755146026.0000000000000000	-1.0141251959453945	0.0025676339884393	361249.6666446877643466
755146036.0000000000000000	-1.0163309390700670	-0.0087667177620809	361305.0349519858136773
755146046.0000000000000000	-1.0185369522723489	-0.0201008634217001	361359.2294448837637901
755146056.0000000000000000	-1.0207436157520100	-0.0314347779233903	361412.2432750482112169
755146066.0000000000000000	-1.0229513104046881	-0.0427684361821992	361464.0700739733874798
755146076.0000000000000000	-1.0251604181529586	-0.0541018130702871	361514.7039537252858281
755146086.0000000000000000	-1.0273713223523919	-0.0654348833918115	361564.1395074408501387
755146096.0000000000000000	-1.0295844082006940	-0.0767676218576059	361612.3718095934018493
755146106.0000000000000000	-1.0318000630780158	-0.0881000030595942	361659.3964160382747650
755146116.0000000000000000	-1.0340186770375988	-0.0994320014448800	361705.2093638088554144
755146126.0000000000000000	-1.0362406431711479	-0.1107635912894573	361749.8071706928312778
755146136.0000000000000000	-1.0384663579808115	-0.1220947466714772	361793.1868345644325018
755146146.0000000000000000	-1.0406962218969595	-0.1334254414440077	361835.3458324968814850
755146156.0000000000000000	-1.0429306396225630	-0.1447556492072262	361876.2821196271106601
755146166.0000000000000000	-1.0451700206326020	-0.1560853432799738	361915.9941278081387281
755146176.0000000000000000	-1.0474147796039792	-0.1674144966706066	361954.4807640053331852
755146186.0000000000000000	-1.0496653368570370	-0.1787430820470692	361991.7414084868505597
755146196.0000000000000000	-1.0519221188752867	-0.1900710717061163	362027.7759127775207162
755146206.0000000000000000	-1.0541855587880993	-0.2013984375416071	362062.5845973696559668
755146216.0000000000000000	-1.0564560967957419	-0.2127251510117874	362096.1682492280378938
755146226.0000000000000000	-1.0587341808218125	-0.2240511831054768	362128.5281190592795610
755146236.0000000000000000	-1.0610202669651245	-0.2353765043070688	362159.6659183558076620
755146246.0000000000000000	-1.0633148200871572	-0.2467010845602522	362189.5838162237778306
755146256.0000000000000000	-1.0656183143619400	-0.2580248932303488	362218.2844359781593084
755146266.0000000000000000	-1.0679312339209124	-0.2693478990651696	362245.7708515338599682
755146276.0000000000000000	-1.0702540734561821	-0.2806700701542693	362272.0465835686773062
755146286.0000000000000000	-1.0725873388639946	-0.2919913738864861	362297.1155954757705331
755146296.0000000000000000	-1.0749315479084582	-0.3033117769056410	362320.9822891009971499
755146306.0000000000000000	-1.0772872309875476	-0.3146312450642594	362343.6515002809464931
755146316.0000000000000000	-1.0796549318216260	-0.3259497433751757	362365.1284941406920552
755146326.0000000000000000	-1.0820352082559097	-0.3372672359608673	362385.4189602360129356
755146336.0000000000000000	-1.0844286330119481	-0.3485836860003586	362404.5290074450895190
755146346.0000000000000000	-1.0868357946235254	-0.3598990556735173	362422.4651586934924126
755146356.0000000000000000	-1.0892572982687083	-0.3712133061025629	362439.2343454649671912
755146366.0000000000000000	-1.0916937667338098	-0.3825263972905846	362454.8439021231606603
755146376.0000000000000000	-1.0941458413378198	-0.3938382880568596	362469.3015600442886353
755146386.0000000000000000	-1.0966141830607941	-0.4051489359687408	362482.6154415588825941
755146396.0000000000000000	-1.0990994735451407	-0.4164582972698698	362494.7940537165850401
755146406.0000000000000000	-1.1016024163084286	-0.4277663268044525	362505.8462818618863821
755146416.0000000000000000	-1.1041237378954210	-0.4390729779373106	362515.7813830375671387
755146426.0000000000000000	-1.1066641892067015	-0.4503782024694076	362524.6089792158454657
755146436.0000000000000000	-1.1092245468196005	-0.4616819505485159	362532.3390503609552979
755146446.0000000000000000	-1.1118056144449238	-0.4729841705746698	362538.9819273259490728
755146456.0000000000000000	-1.1144082243505471	-0.4842848091000227	362544.5482845799997449
755146466.0000000000000000	-1.1170332390927022	-0.4955838107226902	362549.0491327969357371
755146476.0000000000000000	-1.1196815531250457	-0.5068811179741295	362552.4958112733438611
755146486.0000000000000000	-1.1223540946273725	-0.5181766711995688	362554.8999802116304636
755146496.0000000000000000	-1.1250518273871477	-0.5294704084309583	362556.2736128456890583
755146506.0000000000000000	-1.1277757528732444	-0.5407622652518698	362556.6289874417707324
755146516.0000000000000000	-1.1305269123728161	-0.5520521746537197	362555.9786791559308767
755146526.0000000000000000	-1.1333063892812549	-0.5633400668826436	362554.3355517629534006
755146536.0000000000000000	-1.1361153115342413	-0.5746258692762791	362551.7127492567524314
755146546.0000000000000000	-1.1389548542736512	-0.5859095060896613	362548.1236873427405953
755146556.0000000000000000	-1.1418262425855259	-0.5971908983093508	362543.5820447979494929
755146566.0000000000000000	-1.1447307544622731	-0.6084699634548412	362538.1017547305673361
755146576.0000000000000000	-1.1476697239898015	-0.6197466153662043	362531.6969957342371345
755146586.0000000000000000	-1.1506445447543572	-0.6310207639768319	362524.3821829399093986
755146596.0000000000000000	-1.1536566734508744	-0.6422923150700246	362516.1719589699059725
755146606.0000000000000000	-1.1567076337927433	-0.6535611700180617	362507.0811848053708673
755146616.0000000000000000	-1.1597990206210858	-0.6648272255022514	362497.1249305726960301
755146626.0000000000000000	-1.1629325044629517	-0.6760903732123147	362486.3184662377461791
755146636.0000000000000000	-1.1661098362881530	-0.6873504995232933	362474.6772522432729602
755146646.0000000000000000	-1.1693328526244660	-0.6986074851479831	362462.2169300625100732
755146656.0000000000000000	-1.1726034811938102	-0.7098612047627140	362448.9533127034083009
755146666.0000000000000000	-1.1759237468277495	-0.7211115266040382	362434.9023751337081194
755146676.0000000000000000	-1.1792957779189666	-0.7323583120336656	362420.0802446873858571
755146686.0000000000000000	-1.1827218133855764	-0.7436014150686923	362404.5031913919374347
755146696.0000000000000000	-1.1862042100786179	-0.7548406818738496	362388.1876182677224278
755146706.0000000000000000	-1.1897454510118581	-0.7660759502121541	362371.1500515975058079
755146716.0000000000000000	-1.1933481540418551	-0.7773070488499361	362353.4071311559528112
755146726.0000000000000000	-1.1970150813454845	-0.7885337969117874	362334.9756004204973578
755146736.0000000000000000	-1.2007491497434850	-0.7997560031804571	362315.8722967598587275
755146746.0000000000000000	-1.2045534418245403	-0.8109734653361635	362296.1141416160389781
755146756.0000000000000000	-1.2084312180732888	-0.8221859691291513	362275.7181306639686227
755146766.0000000000000000	-1.2123859300263911	-0.8333932874786063	362254.7013239851221442
755146776.0000000000000000	-1.2164212345938021	-0.8445951794902031	362233.0808362429961562
755146786.0000000000000000	-1.2205410097386569	-0.8557913893836711	362210.8738268511369824
755146796.0000000000000000	-1.2247493714760413	-0.8669816453206614	362188.0974901719018817
755146806.0000000000000000	-1.2290506924726776	-0.8781656581220485	362164.7690457366406918
755146816.0000000000000000	-1.2334496224532374	-0.8893431198624011	362140.9057284733280540
755146826.0000000000000000	-1.2379511104288263	-0.9005137023278138	362116.5247789872810245
755146836.0000000000000000	-1.2425604291796961	-0.9116770553214986	362091.6434338595718145
755146846.0000000000000000	-1.2472832020583000	-0.9228328047995045	362066.2789159994572401
755146856.0000000000000000	-1.2521254324132358	-0.9339805508165817	362040.4484250396490097
755146866.0000000000000000	-1.2570935361297992	-0.9451198652595139	362014.1691277828067541
755146876.0000000000000000	-1.2621943772627620	-0.9562502893421243	361987.4581487029790878
755146886.0000000000000000	-1.2674353075906033	-0.9673713308326146	361960.3325605215504766
755146896.0000000000000000	-1.2728242101582894	-0.9784824609796932	361932.8093748344108462
755146906.0000000000000000	-1.2783695475474890	-0.9895831110992033	361904.9055328201502562
755146916.0000000000000000	-1.2840804153699796	-1.0006726687773368	361876.6378960339352489
755146926.0000000000000000	-1.2899666016258353	-1.0117504736400615	361848.0232372703030705
755146936.0000000000000000	-1.2960386526970331	-1.0228158126308000	361819.0782315237447619
755146946.0000000000000000	-1.3023079469123531	-1.0338679147295666	361789.8194470321759582
755146956.0000000000000000	-1.3087867764376289	-1.0449059450364029	361760.2633364312350750
755146966.0000000000000000	-1.3154884388979453	-1.0559289981298123	361730.4262279979884624
755146976.0000000000000000	-1.3224273397950430	-1.0669360905965775	361700.3243170073255897
755146986.0000000000000000	-1.3296191073247905	-1.0779261526125268	361669.9736572010442615
755146996.0000000000000000	-1.3370807212699731	-1.0888980184338926	361639.3901523686945438
755147006.0000000000000000	-1.3448306578588807	-1.0998504156353572	361608.5895480457693338
755147016.0000000000000000	-1.3528890530279216	-1.1107819529029395	361577.5874233460053802
755147026.0000000000000000	-1.3612778865254556	-1.1216911061566575	361546.3991829138249159
755147036.0000000000000000	-1.3700211899011030	-1.1325762027383415	361515.0400490071624517
755147046.0000000000000000	-1.3791452819928793	-1.1434354033527487	361483.5250537311658263
755147056.0000000000000000	-1.3886790357637879	-1.1542666813937057	361451.8690313892439008
755147066.0000000000000000	-1.3986541811969078	-1.1650677992194005	361420.0866110026836395
755147076.0000000000000000	-1.4091056496630456	-1.1758362808599365	361388.1922089606523514
755147086.0000000000000000	-1.4200719657264638	-1.1865693805429833	361356.2000218285247684
755147096.0000000000000000	-1.4315956935987513	-1.1972640463065414	361324.1240193117409945
755147106.0000000000000000	-1.4437239461985687	-1.2079168778275124	361291.9779373751953244
755147116.0000000000000000	-1.4565089657891912	-1.2185240774262600	361259.7752715311944485
755147126.0000000000000000	-1.4700087866748404	-1.2290813930053259	361227.5292702773585916
755147136.0000000000000000	-1.4842879909155515	-1.2395840514388188	361195.2529287273064256
755147146.0000000000000000	-1.4994185695427136	-1.2500266806412306	361162.9589823791757226
755147156.0000000000000000	-1.5154809020487465	-1.2604032182037441	361130.6599010964855552
755147166.0000000000000000	-1.5325648672472023	-1.2707068040866503	361098.3678832333534956
755147176.0000000000000000	-1.5507710973115485	-1.2809296543944093	361066.0948499543592334
755147186.0000000000000000	-1.5702123843899589	-1.2910629127362721	361033.8524397360160947
755147196.0000000000000000	-1.5910152435952631	-1.3010964751004335	361001.6520030489191413
755147206.0000000000000000	-1.6133216261289784	-1.3110187835701286	360969.5045972401276231
755147216.0000000000000000	-1.6372907601792652	-1.3208165836404717	360937.4209815682843328
755147226.0000000000000000	-1.6631010705817335	-1.3304746394558151	360905.4116124808788300
755147236.0000000000000000	-1.6909520872948771	-1.3399754011532519	360873.4866390498355031
755147246.0000000000000000	-1.7210661909333496	-1.3492986189569978	360841.6558986073359847
755147256.0000000000000000	-1.7536899524318497	-1.3584209001805427	360809.9289125893265009
755147266.0000000000000000	-1.7890946940501156	-1.3673152085649689	360778.3148825699463487
755147276.0000000000000000	-1.8275757199602516	-1.3759503114511462	360746.8226864999160171
755147286.0000000000000000	-1.8694494298760287	-1.3842901905952818	360715.4608751442283392
755147296.0000000000000000	-1.9150472432983610	-1.3922934488388083	360684.2376687247306108
755147306.0000000000000000	-1.9647049540490424	-1.3999127693783295	360653.1609537629410625
755147316.0000000000000000	-2.0187458832736902	-1.4070945186439938	360622.2382801445201039
755147326.0000000000000000	-2.0774561596737504	-1.4137786275144295	360591.4768583672121167
755147336.0000000000000000	-2.1410508893236271	-1.4198989341112416	360560.8835570113733411
755147346.0000000000000000	-2.2096312391497075	-1.4253842120963918	360530.4649004191160202
755147356.0000000000000000	-2.2831348904162585	-1.4301601172775293	360500.2270665802061558
755147366.0000000000000000	-2.3612859825927566	-1.4341522275137333	360470.1758852200582623
755147376.0000000000000000	-2.4435549113817547	-1.4372901907118290	360440.3168361196294427
755147386.0000000000000000	-2.5291414370514427	-1.4395127213359884	360410.6550476215779781
755147396.0000000000000000	-2.6169939257410078	-1.4407728433777627	360381.1952953655272722
755147406.0000000000000000	-2.7058711069635044	-1.4410424891653455	360351.9420012235641479
755147416.0000000000000000	-2.7944410288027290	-1.4403154924566968	360322.8992324601858854
755147426.0000000000000000	-2.8813992573487845	-1.4386082701853633	360294.0707010924816132
755147436.0000000000000000	-2.9655811396667580	-1.4359580239574270	360265.4597634598612785
755147446.0000000000000000	-3.0460452241585996	-1.4324189005489738	360237.0694200256839395
755147456.0000000000000000	-3.1221153912161523	-1.4280569762884379	360208.9023153670132160
755147466.0000000000000000	3.0898031056397040	-1.4229450310013925	360180.9607383804395795
755147476.0000000000000000	3.0235117381289514	-1.4171578869406294	360153.2466227160766721
755147486.0000000000000000	2.9621768049342792	-1.4107687554410639	360125.7615473959594965
755147496.0000000000000000	2.9056390571677659	-1.4038467122002056	360098.5067376568913460
755147506.0000000000000000	2.8536460256091609	-1.3964551985950662	360071.4830660019069910
755147516.0000000000000000	2.8058908994006142	-1.3886513368247093	360044.6910534538328648
755147526.0000000000000000	2.7620420824706700	-1.3804858241947318	360018.1308710137382150
755147536.0000000000000000	2.7217641093068821	-1.3720031990705621	359991.8023413354530931
755147546.0000000000000000	2.6847314362998835	-1.3632423175229089	359965.7049405919387937
755147556.0000000000000000	2.6506368019990791	-1.3542369269959202	359939.8378005605190992
755147566.0000000000000000	2.6191956878620006	-1.3450162629508204	359914.1997108878567815
755147576.0000000000000000	2.5901481191927869	-1.3356056241161345	359888.7891215849667788
755147586.0000000000000000	2.5632587424641273	-1.3260269025344495	359863.6041456880047917
755147596.0000000000000000	2.5383158508882913	-1.3162990579554110	359838.6425621425732970
755147606.0000000000000000	2.5151298212983844	-1.3064385342854790	359813.9018188742920756
755147616.0000000000000000	2.4935312699969590	-1.2964596204387275	359789.3790360596030951
755147626.0000000000000000	2.4733691246646741	-1.2863747602916309	359765.0710095660760999
755147636.0000000000000000	2.4545087324769819	-1.2761948174038480	359740.9742146227508783
755147646.0000000000000000	2.4368300736177426	-1.2659293003093568	359717.0848096422851086
755147656.0000000000000000	2.4202261153395606	-1.2555865538808977	359693.3986402451992035
755147666.0000000000000000	2.4046013206725783	-1.2451739217556761	359669.9112434750422835
755147676.0000000000000000	2.3898703125935619	-1.2346978842179195	359646.6178521756082773
755147686.0000000000000000	2.3759566870150599	-1.2241641753410017	359623.5133995721116662
755147696.0000000000000000	2.3627919637307473	-1.2135778826384680	359600.5925240060314536
755147706.0000000000000000	2.3503146627968912	-1.2029435319773869	359577.8495738646015525
755147716.0000000000000000	2.3384694931837235	-1.1922651600743870	359555.2786126658320427
755147726.0000000000000000	2.3272066412648003	-1.1815463765229541	359532.8734243260696530
755147736.0000000000000000	2.3164811470271012	-1.1707904169849694	359510.6275185830891132
755147746.0000000000000000	2.3062523574319691	-1.1600001889137395	359488.5341366017237306
755147756.0000000000000000	2.2964834471602753	-1.1491783109530909	359466.5862567098811269
755147766.0000000000000000	2.2871409981206816	-1.1383271469711937	359444.7766003245487809
755147776.0000000000000000	2.2781946302269676	-1.1274488355328161	359423.0976380137726665
755147786.0000000000000000	2.2696166767585968	-1.1165453154847236	359401.5415957197546959
755147796.0000000000000000	2.2613818985643697	-1.1056183482215385	359380.1004611197859049
755147806.0000000000000000	2.2534672322261158	-1.0946695371099295	359358.7659901473671198
755147816.0000000000000000	2.2458515675558086	-1.0837003444744733	359337.5297136455774307
755147826.0000000000000000	2.2385155509904124	-1.0727121064863101	359316.3829441638663411
755147836.0000000000000000	2.2314414113996168	-1.0617060462437311	359295.3167828880250454
755147846.0000000000000000	2.2246128055562804	-1.0506832852903023	359274.3221267051994801
755147856.0000000000000000	2.2180146808965819	-1.0396448537796350	359253.3896753881126642
755147866.0000000000000000	2.2116331532312175	-1.0285916994652275	359232.5099389208480716
755147876.0000000000000000	2.2054553978443723	-1.0175246956679809	359211.6732449326664209
755147886.0000000000000000	2.1994695522515859	-1.0064446483521903	359190.8697462519630790
755147896.0000000000000000	2.1936646290888273	-0.9953523024223903	359170.0894285710528493
755147906.0000000000000000	2.1880304382432438	-0.9842483473377950	359149.3221182329580188
755147916.0000000000000000	2.1825575168436200	-0.9731334221278383	359128.5574901076033711
755147926.0000000000000000	2.1772370664154534	-0.9620081198809984	359107.7850755797699094
755147936.0000000000000000	2.1720608963157901	-0.9508729917694825	359086.9942706301808357
755147946.0000000000000000	2.1670213726776448	-0.9397285506641042	359066.1743440171703696
755147956.0000000000000000	2.1621113723625474	-0.9285752743866427	359045.3144455328583717
755147966.0000000000000000	2.1573242414004419	-0.9174136086409077	359024.4036143636330962
755147976.0000000000000000	2.1526537571559570	-0.9062439696585405	359003.4307875176891685
755147986.0000000000000000	2.1480940942299860	-0.8950667465910782	358982.3848083289340138
755147996.0000000000000000	2.1436397933983451	-0.8838823036759513	358961.2544350456446409
755148006.0000000000000000	2.1392857333836033	-0.8726909822007038	358940.0283494666218758
755148016.0000000000000000	2.1350271051920262	-0.8614931022868411	358918.6951656593009830
755148026.0000000000000000	2.1308593886423717	-0.8502889645121612	358897.2434387318789959
755148036.0000000000000000	2.1267783310331567	-0.8390788513886012	358875.6616728175431490
755148046.0000000000000000	2.1227799276149395	-0.8278630287097810	358853.9383294200524688
755148056.0000000000000000	2.1188604036584362	-0.8166417467801121	358832.0618393104523420
755148066.0000000000000000	2.1150161981318956	-0.8054152415403721	358810.0206101462244987
755148076.0000000000000000	2.1112439486555372	-0.7941837355976791	358787.8030351772904396
755148086.0000000000000000	2.1075404777721829	-0.7829474391694267	358765.3975022826343775
755148096.0000000000000000	2.1039027801865711	-0.7717065509495087	358742.7924030097201467
755148106.0000000000000000	2.1003280111616189	-0.7604612589041553	358719.9761416437104344
755148116.0000000000000000	2.0968134757466088	-0.7492117410039323	358696.9371442971751094
755148126.0000000000000000	2.0933566189290929	-0.7379581658977630	358673.6638679997995496
755148136.0000000000000000	2.0899550163959031	-0.7267006935342519	358650.1448098095133901
755148146.0000000000000000	2.0866063661708578	-0.7154394757350286	358626.3685159049928188
755148156.0000000000000000	2.0833084807339626	-0.7041746567243647	358602.3235906921327114
755148166.0000000000000000	2.0800592798439794	-0.6929063736189058	358577.9987058956176043
755148176.0000000000000000	2.0768567837821452	-0.6816347568809613	358553.3826096234843135
755148186.0000000000000000	2.0736991071615538	-0.6703599307384800	358528.4641354437917471
755148196.0000000000000000	2.0705844531234767	-0.6590820135745279	358503.2322114035487175
755148206.0000000000000000	2.0675111080585498	-0.6478011182888235	358477.6758690327405930
755148216.0000000000000000	2.0644774364848000	-0.6365173526336414	358451.7842523278668523
755148226.0000000000000000	2.0614818764887932	-0.6252308195261866	358425.5466266656294465
755148236.0000000000000000	2.0585229353676389	-0.6139416173393411	358398.9523877073079348
755148246.0000000000000000	2.0555991856213960	-0.6026498401725164	358371.9910702202469110
755148256.0000000000000000	2.0527092611420104	-0.5913555781042001	358344.6523568714037538
755148266.0000000000000000	2.0498518537161696	-0.5800589174276145	358316.9260869501158595
755148276.0000000000000000	2.0470257097429392	-0.5687599408708177	358288.8022650163620710
755148286.0000000000000000	2.0442296271705809	-0.5574587278024312	358260.2710695043206215
755148296.0000000000000000	2.0414624525565546	-0.5461553544240987	358231.3228612290695310
755148306.0000000000000000	2.0387230784179566	-0.5348498939506658	358201.9481918178498745
755148316.0000000000000000	2.0360104406698345	-0.5235424167790117	358172.1378120677545667
755148326.0000000000000000	2.0333235163063872	-0.5122329906463601	358141.8826802019029856
755148336.0000000000000000	2.0306613210809332	-0.5009216807788484	358111.1739700334146619
755148346.0000000000000000	2.0280229074652687	-0.4896085500310652	358080.0030790306627750
755148356.0000000000000000	2.0254073626460238	-0.4782936590171989	358048.3616362782195210
755148366.0000000000000000	2.0228138067238168	-0.4669770662344055	358016.2415103316307068
755148376.0000000000000000	2.0202413908742556	-0.4556588281789455	357983.6348169473931193
755148386.0000000000000000	2.0176892957397663	-0.4443389994555949	357950.5339267048984766
755148396.0000000000000000	2.0151567299143478	-0.4330176328808024	357916.9314724961295724
755148406.0000000000000000	2.0126429283839005	-0.4216947795800305	357882.8203568952158093
755148416.0000000000000000	2.0101471511926698	-0.4103704890796731	357848.1937593836337328
755148426.0000000000000000	2.0076686821120542	-0.3990448093939278	357813.0451434403657913
755148436.0000000000000000	2.0052068273721693	-0.3877177871069635	357777.3682635026052594
755148446.0000000000000000	2.0027609145678684	-0.3763894674506987	357741.1571717606857419
755148456.0000000000000000	2.0003302914074270	-0.3650598943784933	357704.4062248030677438
755148466.0000000000000000	1.9979143247290927	-0.3537291106350211	357667.1100901206955314
755148476.0000000000000000	1.9955123994979636	-0.3423971578225808	357629.2637524390593171
755148486.0000000000000000	1.9931239178014930	-0.3310640764640831	357590.8625198761001229
755148496.0000000000000000	1.9907482979640265	-0.3197299060629339	357551.9020299613475800
755148506.0000000000000000	1.9883849736608989	-0.3083946851600208	357512.3782554408535361
755148516.0000000000000000	1.9860333931019796	-0.2970584513879926	357472.2875099396333098
755148526.0000000000000000	1.9836930182529000	-0.2857212415230150	357431.6264534248039126
755148536.0000000000000000	1.9813633240186912	-0.2743830915341670	357390.3920974889770150
755148546.0000000000000000	1.9790437975621149	-0.2630440366306368	357348.5818104408681393
755148556.0000000000000000	1.9767339376235258	-0.2517041113068650	357306.1933222077786922
755148566.0000000000000000	1.9744332538038096	-0.2403633493857726	357263.2247290425002575
755148576.0000000000000000	1.9721412659830935	-0.2290217840602053	357219.6744980141520500
755148586.0000000000000000	1.9698575036551094	-0.2176794479327131	357175.5414713257923722
755148596.0000000000000000	1.9675815053501169	-0.2063363730537853	357130.8248703917488456
755148606.0000000000000000	1.9653128181156518	-0.1949925909586461	357085.5242997370660305
755148616.0000000000000000	1.9630509968643906	-0.1836481327027146	357039.6397506482899189
755148626.0000000000000000	1.9607956039587393	-0.1723030288958289	356993.1716046445071697
755148636.0000000000000000	1.9585462085942147	-0.1609573097353234	356946.1206367025151849
755148646.0000000000000000	1.9563023863586446	-0.1496110050380490	356898.4880182715132833
755148656.0000000000000000	1.9540637187331067	-0.1382641442714208	356850.2753200568258762
755148666.0000000000000000	1.9518297926134440	-0.1269167565835714	356801.4845145894214511
755148676.0000000000000000	1.9496001998657646	-0.1155688708326885	356752.1179785486310720
755148686.0000000000000000	1.9473745368929996	-0.1042205156156064	356702.1784948641434312
755148696.0000000000000000	1.9451524041314270	-0.0928717192957274	356651.6692545805126429
755148706.0000000000000000	1.9429334057016963	-0.0815225100303363	356600.5938584879040718
755148716.0000000000000000	1.9407171489296136	-0.0701729157973756	356548.9563185032457113
755148726.0000000000000000	1.9385032439612773	-0.0588229644217462	356496.7610588325187564
755148736.0000000000000000	1.9362913033479592	-0.0474726836011936	356444.0129168769344687
755148746.0000000000000000	1.9340809416216393	-0.0361221009318402	356390.7171438839286566
755148756.0000000000000000	1.9318717749840080	-0.0247712439334262	356336.8794053923338652
755148766.0000000000000000	1.9296634207806482	-0.0134201400743108	356282.5057813897728920
755148776.0000000000000000	1.9274554971888138	-0.0020688167962994	356227.6027662465348840
755148786.0000000000000000	1.9252476228342041	0.0092826984606564	356172.1772684026509523
755148796.0000000000000000	1.9230394163577120	0.0206343782338196	356116.2366097876802087
755148806.0000000000000000	1.9208304960477300	0.0319861950130420	356059.7885250244289637
755148816.0000000000000000	1.9186204794716863	0.0433381212160904	356002.8411603365093470
755148826.0000000000000000	1.9164089830259390	0.0546901291638702	355945.4030722565948963
755148836.0000000000000000	1.9141956216287348	0.0660421910554916	355887.4832260506227612
755148846.0000000000000000	1.9119800082279568	0.0773942789431183	355829.0909939007833600
755148856.0000000000000000	1.9097617534429414	0.0887463647065425	355770.2361528491601348
755148866.0000000000000000	1.9075404652012271	0.1000984200274257	355710.9288824703544378
755148876.0000000000000000	1.9053157482383782	0.1114504163631485	355651.1797623187303543
755148886.0000000000000000	1.9030872037364346	0.1228023249202024	355590.9997691120952368
755148896.0000000000000000	1.9008544288817681	0.1341541166270641	355530.4002736741676927
755148906.0000000000000000	1.8986170164141185	0.1455057621064848	355469.3930376283824444
755148916.0000000000000000	1.8963745542385599	0.1568572316471299	355407.9902098467573524
755148926.0000000000000000	1.8941266248665147	0.1682084951744913	355346.2043226584792137
755148936.0000000000000000	1.8918728050630755	0.1795595222210109	355284.0482878070324659
755148946.0000000000000000	1.8896126652629399	0.1909102818953277	355221.5353921744972467
755148956.0000000000000000	1.8873457691321129	0.2022607428505758	355158.6792932692915201
755148966.0000000000000000	1.8850716730413155	0.2136108732516491	355095.4940144652500749
755148976.0000000000000000	1.8827899255298126	0.2249606407413434	355031.9939400143921375
755148986.0000000000000000	1.8805000667728495	0.2363100124052844	354968.1938098324462771
755148996.0000000000000000	1.8782016280294258	0.2476589547355470	354904.1087140347808599
755149006.0000000000000000	1.8758941309888262	0.2590074335928607	354839.7540872711688280
755149016.0000000000000000	1.8735770872398778	0.2703554141672952	354775.1457028118893504
755149026.0000000000000000	1.8712499975774328	0.2817028609373093	354710.2996664270758629
755149036.0000000000000000	1.8689123513698442	0.2930497376270451	354645.2324100444093347
755149046.0000000000000000	1.8665636258545244	0.3043960071617358	354579.9606851851567626
755149056.0000000000000000	1.8642032854395942	0.3157416316210888	354514.5015561962500215
755149066.0000000000000000	1.8618307809293893	0.3270865721905036	354448.8723932793363929
755149076.0000000000000000	1.8594455487515535	0.3384307891099614	354383.0908652897924185
755149086.0000000000000000	1.8570470101031964	0.3497742416204233	354317.1749323680996895
755149096.0000000000000000	1.8546345701371596	0.3611168879075621	354251.1428383542224765
755149106.0000000000000000	1.8522076169963857	0.3724586850426321	354185.0131030092015862
755149116.0000000000000000	1.8497655209189077	0.3837995889202745	354118.8045140653848648
755149126.0000000000000000	1.8473076331846578	0.3951395541930420	354052.5361190773546696
755149136.0000000000000000	1.8448332850825020	0.4064785342024042	353986.2272170921787620
755149146.0000000000000000	1.8423417868137164	0.4178164809059857	353919.8973501604050398
755149156.0000000000000000	1.8398324263060568	0.4291533448007590	353853.5662946719676256
755149166.0000000000000000	1.8373044679486321	0.4404890748419075	353787.2540525076910853
755149176.0000000000000000	1.8347571513666092	0.4518236183570368	353720.9808420725166798
755149186.0000000000000000	1.8321896899469601	0.4631569209553981	353654.7670891406014562
755149196.0000000000000000	1.8296012694372275	0.4744889264317580	353588.6334175569936633
755149206.0000000000000000	1.8269910463859151	0.4858195766645133	353522.6006398145109415
755149216.0000000000000000	1.8243581464981840	0.4971488115076266	353456.6897474694997072
755149226.0000000000000000	1.8217016629145646	0.5084765686759152	353390.9219014504924417
755149236.0000000000000000	1.8190206543761611	0.5198027836231933	353325.3184222131967545
755149246.0000000000000000	1.8163141432392049	0.5311273894127184	353259.9007798014208674
755149256.0000000000000000	1.8135811134030009	0.5424503165793506	353194.6905837757512927
755149266.0000000000000000	1.8108205081126918	0.5537714929827826	353129.7095730463042855
755149276.0000000000000000	1.8080312275974679	0.5650908436511386	353064.9796055974438787
755149286.0000000000000000	1.8052121265475771	0.5764082906141789	353000.5226481072604656
755149296.0000000000000000	1.8023620114980134	0.5877237527252810	352936.3607655102387071
755149306.0000000000000000	1.7994796378800668	0.5990371454712924	352872.5161104323342443
755149316.0000000000000000	1.7965637070536928	0.6103483807692641	352809.0109125832095742
755149326.0000000000000000	1.7936128630211665	0.6216573667489805	352745.8674680730327964
755149336.0000000000000000	1.7906256889284662	0.6329640075201136	352683.1081286435946822
755149346.0000000000000000	1.7876007033501002	0.6442682029226942	352620.7552908742800355
755149356.0000000000000000	1.7845363563149010	0.6555698482594877	352558.8313853163272142
755149366.0000000000000000	1.7814310249701593	0.6668688340087185	352497.3588655851781368
755149376.0000000000000000	1.7782830090411921	0.6781650455154246	352436.3601974276825786
755149386.0000000000000000	1.7750905258335712	0.6894583626595683	352375.8578477436676621
755149396.0000000000000000	1.7718517049663771	0.7007486594988273	352315.8742735935375094
755149406.0000000000000000	1.7685645826653180	0.7120358038837847	352256.4319111872464418
755149416.0000000000000000	1.7652270955503593	0.7233196570429994	352197.5531648593023419
755149426.0000000000000000	1.7618370740525233	0.7346000731351711	352139.2603960437700152
755149436.0000000000000000	1.7583922352411163	0.7458768987653270	352081.5759122520685196
755149446.0000000000000000	1.7548901750853920	0.7571499724616181	352024.5219560526311398
755149456.0000000000000000	1.7513283601258305	0.7684191241089464	351968.1206940812990069
755149466.0000000000000000	1.7477041183716009	0.7796841743352285	351912.3942060610279441
755149476.0000000000000000	1.7440146295835248	0.7909449338456357	351857.3644738560542464
755149486.0000000000000000	1.7402569145852373	0.8022012026996108	351803.0533705707639456
755149496.0000000000000000	1.7364278237463395	0.8134527695248861	351749.4826496671885252
755149506.0000000000000000	1.7325240244665236	0.8246994106620400	351696.6739341588690877
755149516.0000000000000000	1.7285419875301475	0.8359408892323716	351644.6487058419734240
755149526.0000000000000000	1.7244779722835906	0.8471769541210225	351593.4282945962622762
755149536.0000000000000000	1.7203280104361776	0.8584073388662796	351543.0338677475228906
755149546.0000000000000000	1.7160878883650283	0.8696317604449004	351493.4864195091649890
755149556.0000000000000000	1.7117531278890072	0.8808499179420173	351444.8067605020478368
755149566.0000000000000000	1.7073189650501617	0.8920614910927531	351397.0155073571950197
755149576.0000000000000000	1.7027803270302526	0.9032661386810139	351350.1330724209547043
755149586.0000000000000000	1.6981318067447049	0.9144634967790559	351304.1796535355970263
755149596.0000000000000000	1.6933676349843341	0.9256531768092358	351259.1752239521592855
755149606.0000000000000000	1.6884816497389363	0.9368347634068916	351215.1395223299041390
755149616.0000000000000000	1.6834672624160212	0.9480078120604256	351172.0920428577810526
755149626.0000000000000000	1.6783174206108653	0.9591718465013584	351130.0520255016162992
755149636.0000000000000000	1.6730245670351882	0.9703263558133256	351089.0384463649243116
755149646.0000000000000000	1.6675805939447235	0.9814707912245644	351049.0700081847608089
755149656.0000000000000000	1.6619767928580578	0.9926045625433126	351010.1651309719309211
755149666.0000000000000000	1.6562037986300790	1.0037270341896127	350972.3419427732005715
755149676.0000000000000000	1.6502515274107443	1.0148375207700582	350935.6182705955579877
755149686.0000000000000000	1.6441091076155256	1.0259352821339454	350900.0116314692422748
755149696.0000000000000000	1.6377648029342411	1.0370195178398225	350865.5392236728221178
755149706.0000000000000000	1.6312059264547627	1.0480893609503386	350832.2179181016981602
755149716.0000000000000000	1.6244187447304568	1.0591438710602477	350800.0642498228698969
755149726.0000000000000000	1.6173883701372185	1.0701820264471020	350769.0944097759202123
755149736.0000000000000000	1.6100986403731699	1.0812027152160291	350739.3242366518825293
755149746.0000000000000000	1.6025319829585523	1.0922047252885978	350710.7692089471966028
755149756.0000000000000000	1.5946692627671653	1.1031867330603864	350683.4444371974095702
755149766.0000000000000000	1.5864896101898431	1.1141472905217373	350657.3646563859656453
755149776.0000000000000000	1.5779702270772789	1.1250848106003057	350632.5442185373976827
755149786.0000000000000000	1.5690861672646852	1.1359975504412416	350608.9970855163410306
755149796.0000000000000000	1.5598100880832022	1.1468835922897582	350586.7368219885975122
755149806.0000000000000000	1.5501119682800326	1.1577408215796812	350565.7765885991975665
755149816.0000000000000000	1.5399587877203393	1.1685669017582803	350546.1291353339329362
755149826.0000000000000000	1.5293141629238720	1.1793592452897355	350527.8067950895056129
755149836.0000000000000000	1.5181379320536068	1.1901149801739177	350510.8214774336665869
755149846.0000000000000000	1.5063856816170189	1.2008309111901625	350495.1846625842154026
755149856.0000000000000000	1.4940082066236511	1.2115034749230966	350480.9073955733329058
755149866.0000000000000000	1.4809508943071688	1.2221286874442441	350468.0002806400880218
755149876.0000000000000000	1.4671530207881724	1.2327020833034161	350456.4734758231788874
755149886.0000000000000000	1.4525469485504223	1.2432186442211768	350446.3366877585649490
755149896.0000000000000000	1.4370572122727046	1.2536727155612812	350437.5991667071357369
755149906.0000000000000000	1.4205994793850949	1.2640579082929468	350430.2697017742320895
755149916.0000000000000000	1.4030793725723882	1.2743669837216933	350424.3566163601353765
755149926.0000000000000000	1.3843911424661510	1.2845917177716553	350419.8677638294175267
755149936.0000000000000000	1.3644161828261938	1.2947227410454727	350416.8105233795940876
755149946.0000000000000000	1.3430213871746737	1.3047493502855829	350415.1917961454018950
755149956.0000000000000000	1.3200573583485069	1.3146592862490616	350415.0180015154182911
755149966.0000000000000000	1.2953565020150044	1.3244384724576856	350416.2950736656785011
755149976.0000000000000000	1.2687310678196240	1.3340707089229447	350419.0284583168104291
755149986.0000000000000000	1.2399712500678481	1.3435373149889749	350423.2231097072362900
755149996.0000000000000000	1.2088435337378072	1.3528167162392406	350428.8834877945482731
755150006.0000000000000000	1.1750895782304565	1.3618839725332190	350436.0135556692257524
755150016.0000000000000000	1.1384260824533792	1.3707102485227065	350444.6167771900072694
755150026.0000000000000000	1.0985462792287712	1.3792622356649777	350454.6961148390546441
755150036.0000000000000000	1.0551239692517889	1.3875015474560681	350466.2540278062224388
755150046.0000000000000000	1.0078213121033357	1.3953841293764691	350479.2924702763557434
755150056.0000000000000000	0.9563018983000323	1.4028597539143581	350493.8128899503499269
755150066.0000000000000000	0.9002508233125663	1.4098717101339173	350509.8162267776206136
755150076.0000000000000000	0.8394033722446615	1.4163568449144672	350527.3029119083657861
755150086.0000000000000000	0.7735831888769377	1.4222461616295179	350546.2728668637573719
755150096.0000000000000000	0.7027490646258572	1.4274662143122812	350566.7255029194056988
755150106.0000000000000000	0.6270464585964307	1.4319415216014644	350588.6597207076847553
755150116.0000000000000000	0.5468557268858965	1.4355981266501678	350612.0739100361242890
755150126.0000000000000000	0.4628248960241652	1.4383682160566795	350636.9659499134868383
755150136.0000000000000000	0.3758728863272534	1.4401953909297642	350663.3332087947055697
755150146.0000000000000000	0.2871520565923957	1.4410398362039389	350691.1725450363010168
755150156.0000000000000000	0.1979680827847112	1.4408824121595998	350720.4803075576201081
755150166.0000000000000000	0.1096683114548628	1.4397267543595711	350751.2523367125540972
755150176.0000000000000000	0.0235210885557361	1.4375988692033812	350783.4839653763920069
755150186.0000000000000000	-0.0593879660320434	1.4345443260142325	350817.1700210012495518
755150196.0000000000000000	-0.1382232065652808	1.4306237173048975	350852.3048273725435138
755150206.0000000000000000	-0.2124228530645754	1.4259073579171004	350888.8822034522891045
755150216.0000000000000000	-0.2816850071877618	1.4204701532842114	350926.8954668091610074
755150226.0000000000000000	-0.3459285127211079	1.4143872866935148	350966.3374359970912337
755150236.0000000000000000	-0.4052425555047449	1.4077310233440983	351007.2004328630864620
755150246.0000000000000000	-0.4598359775634577	1.4005686379300484	351049.4762850403785706
755150256.0000000000000000	-0.5099929508143610	1.3929612972539784	351093.1563286446034908
755150266.0000000000000000	-0.5560378052875923	1.3849636619940340	351138.2314111460000277
755150276.0000000000000000	-0.5983091994859113	1.3766239764006272	351184.6918944744393229
755150286.0000000000000000	-0.6371424374181517	1.3679844547440017	351232.5276582641527057
755150296.0000000000000000	-0.6728582385162264	1.3590818230056778	351281.7281033284962177
755150306.0000000000000000	-0.7057562794951848	1.3499479197396238	351332.2821553107351065
755150316.0000000000000000	-0.7361120757149828	1.3406102959119606	351384.1782685052603483
755150326.0000000000000000	-0.7641760841486114	1.3310927793446048	351437.4044298892840743
755150336.0000000000000000	-0.7901742061511454	1.3214159867032700	351491.9481633231043816
755150346.0000000000000000	-0.8143091125438425	1.3115977768859577	351547.7965339226648211
755150356.0000000000000000	-0.8367620006129831	1.3016536461124679	351604.9361526332795620
755150366.0000000000000000	-0.8576945280827224	1.2915970685052982	351663.3531809654086828
755150376.0000000000000000	-0.8772507649122164	1.2814397875817769	351723.0333359083160758
755150386.0000000000000000	-0.8955590681741994	1.2711920645915880	351783.9618950234726071
755150396.0000000000000000	-0.9127338285993112	1.2608628895186607	351846.1237017028033733
755150406.0000000000000000	-0.9288770644957572	1.2504601601264718	351909.5031706010922790
755150416.0000000000000000	-0.9440798565259166	1.2399908338453383	351974.0842932444065809
755150426.0000000000000000	-0.9584236267295880	1.2294610566857409	352039.8506437847390771
755150436.0000000000000000	-0.9719812713086643	1.2188762727709062	352106.7853849465027452
755150446.0000000000000000	-0.9848181591867144	1.2082413175431970	352174.8712741117924452
755150456.0000000000000000	-0.9969930096111695	1.1975604972232619	352244.0906695853918791
755150466.0000000000000000	-1.0085586621280556	1.1868376566897156	352314.4255370078608394
755150476.0000000000000000	-1.0195627512931735	1.1760762375965625	352385.8574559260159731
755150486.0000000000000000	-1.0300482977928882	1.1652793282494969	352458.3676265338435769
755150496.0000000000000000	-1.0400542263933832	1.1544497065137536	352531.9368765428662300
755150506.0000000000000000	-1.0496158198983065	1.1435898768185326	352606.5456682294607162
755150516.0000000000000000	-1.0587651176530939	1.1327021021499442	352682.1741056069731712
755150526.0000000000000000	-1.0675312653641491	1.1217884317803306	352758.8019417701289058
755150536.0000000000000000	-1.0759408227956222	1.1108507253619782	352836.4085863651707768
755150546.0000000000000000	-1.0840180347817390	1.0998906739134682	352914.9731132136657834
755150556.0000000000000000	-1.0917850701752871	1.0889098181438832	352994.4742680732160807
755150566.0000000000000000	-1.0992622329021930	1.0779095644908472	353074.8904765453189611
755150576.0000000000000000	-1.1064681487560526	1.0668911991906114	353156.1998521042987704
755150586.0000000000000000	-1.1134199307835810	1.0558559006500596	353238.3802042789757252
755150596.0000000000000000	-1.1201333262521815	1.0448047503500848	353321.4090469526126981
755150606.0000000000000000	-1.1266228471871371	1.0337387424758042	353405.2636068016290665
755150616.0000000000000000	-1.1329018866172349	1.0226587924405481	353489.9208318572491407
755150626.0000000000000000	-1.1389828223958367	1.0115657444465103	353575.3574001938104630
755150636.0000000000000000	-1.1448771098289998	1.0004603782046200	353661.5497287325561047
755150646.0000000000000000	-1.1505953646406331	0.9893434149190250	353748.4739821851253510
755150656.0000000000000000	-1.1561474373442746	0.9782155226269934	353836.1060820864513516
755150666.0000000000000000	-1.1615424799522680	0.9670773209726494	353924.4217159617692232
755150676.0000000000000000	-1.1667890060670043	0.9559293854824199	354013.3963466044515371
755150686.0000000000000000	-1.1718949449406086	0.9447722514010499	354103.0052214441820979
755150696.0000000000000000	-1.1768676901987358	0.9336064171393391	354193.2233820473775268
755150706.0000000000000000	-1.1817141439441945	0.9224323473781634	354284.0256736995652318
755150716.0000000000000000	-1.1864407565795505	0.9112504758676478	354375.3867550902068615
755150726.0000000000000000	-1.1910535629244710	0.9000612079554876	354467.2811081064864993
755150736.0000000000000000	-1.1955582149534623	0.8888649228741966	354559.6830477034673095
755150746.0000000000000000	-1.1999600115347477	0.8776619758134181	354652.5667318711057305
755150756.0000000000000000	-1.2042639255611494	0.8664526998002811	354745.9061716934666038
755150766.0000000000000000	-1.2084746285225982	0.8552374074080441	354839.6752414712682366
755150776.0000000000000000	-1.2125965130479872	0.8440163923108942	354933.8476889459416270
755150786.0000000000000000	-1.2166337134074265	0.8327899307006934	355028.3971455786377192
755150796.0000000000000000	-1.2205901242984691	0.8215582825796512	355123.2971369158476591
755150806.0000000000000000	-1.2244694180077595	0.8103216929413344	355218.5210930062457919
755150816.0000000000000000	-1.2282750601810695	0.7990803928510204	355314.0423588966950774
755150826.0000000000000000	-1.2320103242582201	0.7878346004352079	355409.8342051682993770
755150836.0000000000000000	-1.2356783047750235	0.7765845217890139	355505.8698385488241911
755150846.0000000000000000	-1.2392819295251254	0.7653303518092549	355602.1224125474691391
755150856.0000000000000000	-1.2428239708179927	0.7540722749601828	355698.5650381641462445
755150866.0000000000000000	-1.2463070558482559	0.7428104659781107	355795.1707946155220270
755150876.0000000000000000	-1.2497336762263611	0.7315450905205181	355891.9127401076257229
755150886.0000000000000000	-1.2531061968144448	0.7202763057646587	355988.7639226429164410
755150896.0000000000000000	-1.2564268638587881	0.7090042609601732	356085.6973908431828022
755150906.0000000000000000	-1.2596978125494436	0.6977290979397736	356182.6862048031762242
755150916.0000000000000000	-1.2629210740374408	0.6864509515916499	356279.7034469535574317
755150926.0000000000000000	-1.2660985818331194	0.6751699502969057	356376.7222329424694180
755150936.0000000000000000	-1.2692321779121083	0.6638862163349981	356473.7157225124537945
755150946.0000000000000000	-1.2723236182402899	0.6525998662598831	356570.6571303885430098
755150956.0000000000000000	-1.2753745779784627	0.6413110112493041	356667.5197371542453766
755150966.0000000000000000	-1.2783866563186066	0.6300197574294421	356764.2769001163542271
755150976.0000000000000000	-1.2813613809662285	0.6187262061769321	356860.9020641632378101
755150986.0000000000000000	-1.2843002123170559	0.6074304544000749	356957.3687725858762860
755150996.0000000000000000	-1.2872045474321900	0.5961325948009013	357053.6506778914481401
755151006.0000000000000000	-1.2900757236081231	0.5848327161196077	357149.7215525591745973
755151016.0000000000000000	-1.2929150218454453	0.5735309033627334	357245.5552997821941972
755151026.0000000000000000	-1.2957236700090027	0.5622272380163440	357341.1259641461074352
755151036.0000000000000000	-1.2985028458345129	0.5509217982453671	357436.4077422693371773
755151046.0000000000000000	-1.3012536796660246	0.5396146590801343	357531.3749933708459139
755151056.0000000000000000	-1.3039772571711119	0.5283058925910840	357626.0022497996687889
755151066.0000000000000000	-1.3066746217192975	0.5169955680525167	357720.2642274703830481
755151076.0000000000000000	-1.3093467767193026	0.5056837520962032	357814.1358362380415201
755151086.0000000000000000	-1.3119946878023352	0.4943705088555888	357907.5921901911497116
755151096.0000000000000000	-1.3146192848468685	0.4830559001012786	358000.6086178552359343
755151106.0000000000000000	-1.3172214638759678	0.4717399853684279	358093.1606723014265299
755151116.0000000000000000	-1.3198020889156881	0.4604228220766133	358185.2241411609575152
755151126.0000000000000000	-1.3223619936404940	0.4491044656427210	358276.7750565297901630
755151136.0000000000000000	-1.3249019830384754	0.4377849695873390	358367.7897047707810998
755151146.0000000000000000	-1.3274228348847725	0.4264643856351056	358458.2446361836045980
755151156.0000000000000000	-1.3299253011676349	0.4151427638094343	358548.1166745675727725
755151166.0000000000000000	-1.3324101095019307	0.4038201525220020	358637.3829266419634223
755151176.0000000000000000	-1.3348779643607898	0.3924965986573548	358726.0207913434132934
755151186.0000000000000000	-1.3373295483049070	0.3811721476529690	358814.0079689724370837
755151196.0000000000000000	-1.3397655231413137	0.3698468435750673	358901.3224701974540949
755151206.0000000000000000	-1.3421865309867405	0.3585207291904831	358987.9426249070093036
755151216.0000000000000000	-1.3445931953631989	0.3471938460348318	359073.8470909046009183
755151226.0000000000000000	-1.3469861221038970	0.3358662344772410	359159.0148624330759048
755151236.0000000000000000	-1.3493659003566509	0.3245379337818628	359243.4252785388380289
755151246.0000000000000000	-1.3517331034624240	0.3132089821663888	359327.0580312591046095
755151256.0000000000000000	-1.3540882897919975	0.3018794168577628	359409.8931736182421446
755151266.0000000000000000	-1.3564320035653696	0.2905492741452773	359491.9111274611204863
755151276.0000000000000000	-1.3587647756419226	0.2792185894312307	359573.0926910741254687
755151286.0000000000000000	-1.3610871242037526	0.2678873972793063	359653.4190466171130538
755151296.0000000000000000	-1.3633995555672647	0.2565557314608238	359732.8717673709616065
755151306.0000000000000000	-1.3657025647468160	0.2452236249990112	359811.4328247541561723
755151316.0000000000000000	-1.3679966362089733	0.2338911102114267	359889.0845951484516263
755151326.0000000000000000	-1.3702822444409188	0.2225582187506581	359965.8098665112629533
755151336.0000000000000000	-1.3725598545748854	0.2112249816434224	360041.5918447496369481
755151346.0000000000000000	-1.3748299229466101	0.1998914293281722	360116.4141599005088210
755151356.0000000000000000	-1.3770928976694241	0.1885575916913191	360190.2608720660209656
755151366.0000000000000000	-1.3793492191890939	0.1772234981021719	360263.1164771206676960
755151376.0000000000000000	-1.3815993207990123	0.1658891774466871	360334.9659121874719858
755151386.0000000000000000	-1.3838436290952560	0.1545546581601194	360405.7945608850568533
755151396.0000000000000000	-1.3860825645619708	0.1432199682586597	360475.5882583176717162
755151406.0000000000000000	-1.3883165419608878	0.1318851353701431	360544.3332958323881030
755151416.0000000000000000	-1.3905459708535599	0.1205501867639021	360612.0164255341514945
755151426.0000000000000000	-1.3927712560318843	0.1092151493798432	360678.6248645419254899
755151436.0000000000000000	-1.3949927979380186	0.0978800498568182	360744.1462989896535873
755151446.0000000000000000	-1.3972109931474883	0.0865449145603567	360808.5688877981156111
755151456.0000000000000000	-1.3994262347491320	0.0752097696098311	360871.8812661543488503
755151466.0000000000000000	-1.4016389127538265	0.0638746409051127	360934.0725487675517797
755151476.0000000000000000	-1.4038494145620204	0.0525395541527904	360995.1323328437283635
755151486.0000000000000000	-1.4060581253163797	0.0412045348920027	361055.0507008032873273
755151496.0000000000000000	-1.4082654283150502	0.0298696085199495	361113.8182227434590459
755151506.0000000000000000	-1.4104717054136540	0.0185348003171419	361171.4259586324915290
755151516.0000000000000000	-1.4126773373950516	0.0072001354724442	361227.8654602300375700
755151526.0000000000000000	-1.4148827043804775	-0.0041343608920339	361283.1287727644667029
755151536.0000000000000000	-1.4170881862101230	-0.0154686636961370	361337.2084363270550966
755151546.0000000000000000	-1.4192941628231122	-0.0268027478769015	361390.0974870007485151
755151556.0000000000000000	-1.4215010146667999	-0.0381365883637772	361441.7894577300176024
755151566.0000000000000000	-1.4237091230634660	-0.0494701600537717	361492.2783789280802011
755151576.0000000000000000	-1.4259188706152788	-0.0608034377864686	361541.5587788028642535
755151586.0000000000000000	-1.4281306415756096	-0.0721363963188570	361589.6256834380328655
755151596.0000000000000000	-1.4303448222603106	-0.0834690102999214	361636.4746165955439210
755151606.0000000000000000	-1.4325618014779964	-0.0948012542449264	361682.1015992555767298
755151616.0000000000000000	-1.4347819708565162	-0.1061331025093448	361726.5031489096581936
755151626.0000000000000000	-1.4370057253502859	-0.1174645292623664	361769.6762785781174898
755151636.0000000000000000	-1.4392334636092599	-0.1287955084599206	361811.6184955677017570
755151646.0000000000000000	-1.4414655883923913	-0.1401260138171574	361852.3277999795973301
755151656.0000000000000000	-1.4437025070556762	-0.1514560187803162	361891.8026829650625587
755151666.0000000000000000	-1.4459446319411600	-0.1627854964979139	361930.0421247165650129
755151676.0000000000000000	-1.4481923808862556	-0.1741144197911852	361967.0455922130495310
755151686.0000000000000000	-1.4504461776871087	-0.1854427611236997	362002.8130367211997509
755151696.0000000000000000	-1.4527064525026183	-0.1967704925700788	362037.3448910443112254
755151706.0000000000000000	-1.4549736424840580	-0.2080975857837324	362070.6420665262266994
755151716.0000000000000000	-1.4572481922022746	-0.2194240119635347	362102.7059498298913240
755151726.0000000000000000	-1.4595305542012034	-0.2307497418193469	362133.5383994504809380
755151736.0000000000000000	-1.4618211895553896	-0.2420747455362968	362163.1417420282959938
755151746.0000000000000000	-1.4641205684111427	-0.2533989927377152	362191.5187684036791325
755151756.0000000000000000	-1.4664291706220147	-0.2647224524466305	362218.6727294614538550
755151766.0000000000000000	-1.4687474863565340	-0.2760450930457079	362244.6073317397385836
755151776.0000000000000000	-1.4710760166580914	-0.2873668822355189	362269.3267328273504972
755151786.0000000000000000	-1.4734152742425790	-0.2986877869910201	362292.8355365432798862
755151796.0000000000000000	-1.4757657841064395	-0.3100077735161104	362315.1387879010289907
755151806.0000000000000000	-1.4781280842746163	-0.3213268071961259	362336.2419678671285510
755151816.0000000000000000	-1.4805027265741939	-0.3326448525481260	362356.1509879250079393
755151826.0000000000000000	-1.4828902773705901	-0.3439618731688170	362374.8721844153478742
755151836.0000000000000000	-1.4852913184870946	-0.3552778316799357	362392.4123127022758126
755151846.0000000000000000	-1.4877064480339450	-0.3665926896709240	362408.7785411505028605
755151856.0000000000000000	-1.4901362812807750	-0.3779064076386935	362423.9784449022263288
755151866.0000000000000000	-1.4925814517064817	-0.3892189449242767	362438.0199994714930654
755151876.0000000000000000	-1.4950426119605877	-0.4005302596461435	362450.9115741867572069
755151886.0000000000000000	-1.4975204349142621	-0.4118403086299458	362462.6619254238903522
755151896.0000000000000000	-1.5000156148338994	-0.4231490473344315	362473.2801897088065743
755151906.0000000000000000	-1.5025288685067180	-0.4344564297732565	362482.7758766291663051
755151916.0000000000000000	-1.5050609365410501	-0.4457624084323957	362491.1588616017252207
755151926.0000000000000000	-1.5076125846714317	-0.4570669341828353	362498.4393784860149026
755151936.0000000000000000	-1.5101846051099799	-0.4683699561882029	362504.6280120490118861
755151946.0000000000000000	-1.5127778180805236	-0.4796714218069571	362509.7356902807950974
755151956.0000000000000000	-1.5153930733668188	-0.4909712764887444	362513.7736765891313553
755151966.0000000000000000	-1.5180312519613053	-0.5022694636644798	362516.7535618348047137
755151976.0000000000000000	-1.5206932677995317	-0.5135659246296842	362518.6872562682256103
755151986.0000000000000000	-1.5233800696678181	-0.5248605984205668	362519.5869813188910484
755151996.0000000000000000	-1.5260926431540682	-0.5361534216822972	362519.4652612879872322
755152006.0000000000000000	-1.5288320127815516	-0.5474443285288704	362518.3349149012938142
755152016.0000000000000000	-1.5315992441606463	-0.5587332503939035	362516.2090467847883701
755152026.0000000000000000	-1.5343954465036669	-0.5700201158716602	362513.1010388210415840
755152036.0000000000000000	-1.5372217750775912	-0.5813048505475242	362509.0245414003729820
755152046.0000000000000000	-1.5400794339417310	-0.5925873768170788	362503.9934645993635058
755152056.0000000000000000	-1.5429696788164740	-0.6038676136928744	362498.0219692569226027
755152066.0000000000000000	-1.5458938201850978	-0.6151454765978741	362491.1244579702615738
755152076.0000000000000000	-1.5488532266083093	-0.6264208771444810	362483.3155660182237625
755152086.0000000000000000	-1.5518493282472017	-0.6376937228979482	362474.6101522054523230
755152096.0000000000000000	-1.5548836205919641	-0.6489639171228467	362465.0232896422967315
755152106.0000000000000000	-1.5579576685992156	-0.6602313585111577	362454.5702564604580402
755152116.0000000000000000	-1.5610731109771878	-0.6714959408903942	362443.2665264680981636
755152126.0000000000000000	-1.5642316648768042	-0.6827575529100214	362431.1277597602456808
755152136.0000000000000000	-1.5674351308417107	-0.6940160777042523	362418.1697932695969939
755152146.0000000000000000	-1.5706853982805253	-0.7052713925291201	362404.4086312744766474
755152156.0000000000000000	-1.5739844512037495	-0.7165233683714884	362389.8604358807206154
755152166.0000000000000000	-1.5773343744950543	-0.7277718695274569	362374.5415174514055252
755152176.0000000000000000	-1.5807373605902675	-0.7390167531473026	362358.4683250188827515
755152186.0000000000000000	-1.5841957167981362	-0.7502578687438484	362341.6574366670101881
755152196.0000000000000000	-1.5877118731378554	-0.7614950576607629	362324.1255498919636011
755152206.0000000000000000	-1.5912883907773845	-0.7727281524969598	362305.8894719565287232
755152216.0000000000000000	-1.5949279712643265	-0.7839569764828145	362286.9661102099344134
755152226.0000000000000000	-1.5986334664422088	-0.7951813428034398	362267.3724624272435904
755152236.0000000000000000	-1.6024078892434848	-0.8064010538637394	362247.1256071338430047
755152246.0000000000000000	-1.6062544254207014	-0.8176159004893369	362226.2426939280703664
755152256.0000000000000000	-1.6101764461848502	-0.8288256610567890	362204.7409338159486651
755152266.0000000000000000	-1.6141775221816497	-0.8400301005457260	362182.6375895552337170
755152276.0000000000000000	-1.6182614384918015	-0.8512289695046813	362159.9499660162255168
755152286.0000000000000000	-1.6224322110678615	-0.8624220029213578	362136.6954005546867847
755152296.0000000000000000	-1.6266941047301264	-0.8736089189869647	362112.8912534192204475
755152306.0000000000000000	-1.6310516527667340	-0.8847894177429456	362088.5548981754109263
755152316.0000000000000000	-1.6355096783848213	-0.8959631795969485	362063.7037121700122952
755152326.0000000000000000	-1.6400733182965641	-0.9071298636932168	362038.3550670249387622
755152336.0000000000000000	-1.6447480484438919	-0.9182891061206138	362012.5263191768899560
755152346.0000000000000000	-1.6495397124477396	-0.9294405179393195	361986.2348004598170519
755152356.0000000000000000	-1.6544545527533978	-0.9405836830046597	361959.4978087339550257
755152366.0000000000000000	-1.6594992449399077	-0.9517181555636198	361932.3325985679402947
755152376.0000000000000000	-1.6646809356976742	-0.9628434575962013	361904.7563719823956490
755152386.0000000000000000	-1.6700072846209288	-0.9739590758698879	361876.7862692447379231
755152396.0000000000000000	-1.6754865105137122	-0.9850644586709540	361848.4393597384914756
755152406.0000000000000000	-1.6811274426828937	-0.9961590121711028	361819.7326328987255692
755152416.0000000000000000	-1.6869395777748633	-1.0072420963818423	361790.6829892154783010
755152426.0000000000000000	-1.6929331430400918	-1.0183130206418585	361761.3072313219308853
755152436.0000000000000000	-1.6991191666614658	-1.0293710385744026	361731.6220551552250981
755152446.0000000000000000	-1.7055095561027027	-1.0404153424419480	361701.6440412104129791
755152456.0000000000000000	-1.7121171856700172	-1.0514450568140297	361671.3896458791568875
755152466.0000000000000000	-1.7189559943309789	-1.0624592314507861	361640.8751928750425577
755152476.0000000000000000	-1.7260410953067351	-1.0734568332889745	361610.1168647725135088
755152486.0000000000000000	-1.7333888990257245	-1.0844367373986401	361579.1306946268305182
755152496.0000000000000000	-1.7410172511689632	-1.0953977167566475	361547.9325577141717076
755152506.0000000000000000	-1.7489455882782794	-1.1063384306572024	361516.5381633667275310
755152516.0000000000000000	-1.7571951129120846	-1.1172574115485601	361484.9630469381809235
755152526.0000000000000000	-1.7657889916302922	-1.1281530500482675	361453.2225618595257401
755152536.0000000000000000	-1.7747525788169169	-1.1390235778453617	361421.3318718466907740
755152546.0000000000000000	-1.7841136702715841	-1.1498670481454774	361389.3059432031586766
755152556.0000000000000000	-1.7939027908672927	-1.1606813132519966	361357.1595372669398785
755152566.0000000000000000	-1.8041535214010163	-1.1714639988011282	361324.9072029860690236
755152576.0000000000000000	-1.8149028703646279	-1.1822124740784918	361292.5632696282118559
755152586.0000000000000000	-1.8261916973809575	-1.1929238177363355	361260.1418396253138781
755152596.0000000000000000	-1.8380651958060450	-1.2035947781002281	361227.6567815719172359
755152606.0000000000000000	-1.8505734432916812	-1.2142217270975930	361195.1217233603820205
755152616.0000000000000000	-1.8637720299905467	-1.2248006066526589	361162.5500454669818282
755152626.0000000000000000	-1.8777227752407994	-1.2353268661675507	361129.9548744009807706
755152636.0000000000000000	-1.8924945447040349	-1.2457953894408793	361097.3490762980654836
755152646.0000000000000000	-1.9081641805978600	-1.2562004090565804	361064.7452506888657808
755152656.0000000000000000	-1.9248175581626870	-1.2665354059005227	361032.1557244155555964
755152666.0000000000000000	-1.9425507809257196	-1.2767929910255318	360999.5925457403063774
755152676.0000000000000000	-1.9614715253256432	-1.2869647665856929	360967.0674785971641541
755152686.0000000000000000	-1.9817005414710984	-1.2970411620037408	360934.5919970413669944
755152696.0000000000000000	-2.0033733083683281	-1.3070112409399006	360902.1772798644378781
755152706.0000000000000000	-2.0266418290866461	-1.3168624740380608	360869.8342054029926658
755152716.0000000000000000	-2.0516765291563899	-1.3265804719147125	360837.5733465151861310
755152726.0000000000000000	-2.0786681871794443	-1.3361486725677514	360805.4049657601863146
755152736.0000000000000000	-2.1078297741600345	-1.3455479775520462	360773.3390107695013285
755152746.0000000000000000	-2.1393980000327892	-1.3547563322785754	360741.3851097906008363
755152756.0000000000000000	-2.1736342526248031	-1.3637482482400642	360709.5525674615055323
755152766.0000000000000000	-2.2108244567446809	-1.3724942697420408	360677.8503607604652643
755152776.0000000000000000	-2.2512771686424928	-1.3809603960989367	360646.2871351623907685
755152786.0000000000000000	-2.2953189541215182	-1.3891074839361357	360614.8712010104209185
755152796.0000000000000000	-2.3432857926485058	-1.3968906752360009	360583.6105300839990377
755152806.0000000000000000	-2.3955089609387525	-1.4042589269827097	360552.5127523867413402
755152816.0000000000000000	-2.4522936970042126	-1.4111547584319717	360521.5851531429216266
755152826.0000000000000000	-2.5138891473510001	-1.4175143796747216	360490.8346700081601739
755152836.0000000000000000	-2.5804489782394842	-1.4232684113617542	360460.2678904999047518
755152846.0000000000000000	-2.6519839575938762	-1.4283434311148504	360429.8910496449097991
755152856.0000000000000000	-2.7283110101277064	-1.4326645562409062	360399.7100278520956635
755152866.0000000000000000	-2.8090074088096171	-1.4361591572971570	360369.7303490024060011
755152876.0000000000000000	-2.8933826184280886	-1.4387615672938976	360339.9571787705644965
755152886.0000000000000000	-2.9804815224706176	-1.4404183254458562	360310.3953231647610664
755152896.0000000000000000	-3.0691288149993010	-1.4410931640639437	360281.0492273019626737
755152906.0000000000000000	3.1251708593456731	-1.4407707681433206	360251.9229744076728821
755152916.0000000000000000	3.0373783031361850	-1.4394584553584560	360223.0202850485220551
755152926.0000000000000000	2.9519136200616574	-1.4371853650404232	360194.3445165865123272
755152936.0000000000000000	2.8698174628458681	-1.4339993570961811	360165.8986628809943795
755152946.0000000000000000	2.7918766976199882	-1.4299623492682900	360137.6853542085736990
755152956.0000000000000000	2.7186072822461798	-1.4251450601161748	360109.7068574223667383
755152966.0000000000000000	2.6502727754052224	-1.4196220389024194	360081.9650763412937522
755152976.0000000000000000	2.5869254558435699	-1.4134675674654327	360054.4615523740649223
755152986.0000000000000000	2.5284566603191285	-1.4067526771155086	360027.1974653843790293
755152996.0000000000000000	2.4746461720701713	-1.3995432541958284	360000.1736347628757358
755153006.0000000000000000	2.4252047488785173	-1.3918990535449454	359973.3905207682400942
755153016.0000000000000000	2.3798074944064349	-1.3838733857411132	359946.8482260685414076
755153026.0000000000000000	2.3381181456967073	-1.3755132554535927	359920.5464975293725729
755153036.0000000000000000	2.2998055592497044	-1.3668597699285643	359894.4847282329574227
755153046.0000000000000000	2.2645540778593900	-1.3579486852319951	359868.6619597207754850
755153056.0000000000000000	2.2320694037045428	-1.3488110012312111	359843.0768844541162252
755153066.0000000000000000	2.2020813443029792	-1.3394735500746284	359817.7278485335409641
755153076.0000000000000000	2.1743444890111694	-1.3299595470121015	359792.6128546055406332
755153086.0000000000000000	2.1486375896993426	-1.3202890884393748	359767.7295650122687221
755153096.0000000000000000	2.1247621868968811	-1.3104795920989125	359743.0753051582723856
755153106.0000000000000000	2.1025408463647772	-1.3005461802585021	359718.6470670960843563
755153116.0000000000000000	2.0818152433133510	-1.2905020098428439	359694.4415133325383067
755153126.0000000000000000	2.0624442422121940	-1.2803585549321230	359670.4549808306619525
755153136.0000000000000000	2.0443020592873178	-1.2701258474569626	359646.6834852537140250
755153146.0000000000000000	2.0272765549704768	-1.2598126817605899	359623.1227253824472427
755153156.0000000000000000	2.0112676775955682	-1.2494267882476491	359599.7680877679958940
755153166.0000000000000000	1.9961860637590061	-1.2389749807643486	359576.6146515673026443
755153176.0000000000000000	1.9819517910529618	-1.2284632817541290	359553.6571935815736651
755153186.0000000000000000	1.9684932737341587	-1.2178970286594000	359530.8901934986934066
755153196.0000000000000000	1.9557462890934640	-1.2072809645187221	359508.3078393153846264
755153206.0000000000000000	1.9436531216848150	-1.1966193152495390	359485.9040329502895474
755153216.0000000000000000	1.9321618123746336	-1.1859158557099470	359463.6723960423842072
755153226.0000000000000000	1.9212254999573544	-1.1751739662950174	359441.6062759319320321
755153236.0000000000000000	1.9108018442633381	-1.1643966815377955	359419.6987518100067973
755153246.0000000000000000	1.9008525204327686	-1.1535867319455582	359397.9426410468295217
755153256.0000000000000000	1.8913427753871133	-1.1427465801017127	359376.3305056709796190
755153266.0000000000000000	1.8822410385426307	-1.1318784518967342	359354.8546590330079198
755153276.0000000000000000	1.8735185797007201	-1.1209843636125303	359333.5071726068854332
755153286.0000000000000000	1.8651492080870211	-1.1100661454688487	359312.2798829544335604
755153296.0000000000000000	1.8571090072041654	-1.0991254621440301	359291.1643988313153386
755153306.0000000000000000	1.8493761008641638	-1.0881638307020931	359270.1521084364503622
755153316.0000000000000000	1.8419304464818398	-1.0771826362912114	359249.2341867992654443
755153326.0000000000000000	1.8347536520920908	-1.0661831459227127	359228.4016033010557294
755153336.0000000000000000	1.8278288141696581	-1.0551665205929406	359207.6451293174177408
755153346.0000000000000000	1.8211403735851717	-1.0441338259711443	359186.9553459854796529
755153356.0000000000000000	1.8146739874788715	-1.0330860418436143	359166.3226520828902721
755153366.0000000000000000	1.8084164151752857	-1.0220240704766135	359145.7372720213606954
755153376.0000000000000000	1.8023554163154845	-1.0109487440372993	359125.1892639463767409
755153386.0000000000000000	1.7964796598015198	-0.9998608311921053	359104.6685279253870249
755153396.0000000000000000	1.7907786423459497	-0.9887610429853524	359084.1648142430931330
755153406.0000000000000000	1.7852426153294239	-0.9776500380866961	359063.6677317684516311
755153416.0000000000000000	1.7798625192189852	-0.9665284274839507	359043.1667564222589135
755153426.0000000000000000	1.7746299244714958	-0.9553967786875854	359022.6512397024780512
755153436.0000000000000000	1.7695369783457553	-0.9442556195043936	359002.1104172924533486
755153446.0000000000000000	1.7645763569861108	-0.9331054414303450	358981.5334177315235138
755153456.0000000000000000	1.7597412219218047	-0.9219467027061912	358960.9092711340636015
755153466.0000000000000000	1.7550251809085977	-0.9107798310738531	358940.2269179793074727
755153476.0000000000000000	1.7504222523426993	-0.8996052262668659	358919.4752179384231567
755153486.0000000000000000	1.7459268329805435	-0.8884232622640345	358898.6429587388411164
755153496.0000000000000000	1.7415336686417560	-0.8772342893318998	358877.7188650695607066
755153506.0000000000000000	1.7372378274742810	-0.8660386358785335	358856.6916075283661485
755153516.0000000000000000	1.7330346756865367	-0.8548366101385065	358835.5498115699738264
755153526.0000000000000000	1.7289198553763814	-0.8436285017066210	358814.2820663396269083
755153536.0000000000000000	1.7248892642152009	-0.8324145829364360	358792.8769319821149111
755153546.0000000000000000	1.7209390369731297	-0.8211951102148811	358771.3229511501267552
755153556.0000000000000000	1.7170655285420109	-0.8099703251279990	358749.6086583677679300
755153566.0000000000000000	1.7132652983714833	-0.7987404555281206	358727.7225879998877645
755153576.0000000000000000	1.7095350962570004	-0.7875057165110975	358705.6532832542434335
755153586.0000000000000000	1.7058718491414899	-0.7762663113126460	358683.3893051641061902
755153596.0000000000000000	1.7022726490997104	-0.7650224321314552	358660.9192415494471788
755153606.0000000000000000	1.6987347422780088	-0.7537742608859115	358638.2317159539088607
755153616.0000000000000000	1.6952555185720088	-0.7425219699105723	358615.3153965612873435
755153626.0000000000000000	1.6918325022336818	-0.7312657225978900	358592.1590050728991628
755153636.0000000000000000	1.6884633431631675	-0.7200056739901228	358568.7513255439698696
755153646.0000000000000000	1.6851458087931570	-0.7087419713258662	358545.0812131911516190
755153656.0000000000000000	1.6818777766835307	-0.6974747545452074	358521.1376031301915646
755153666.0000000000000000	1.6786572275565375	-0.6862041567570989	358496.9095190884545445
755153676.0000000000000000	1.6754822388933528	-0.6749303046722055	358472.3860820345580578
755153686.0000000000000000	1.6723509790644453	-0.6636533190041574	358447.5565187688916922
755153696.0000000000000000	1.6692617016718028	-0.6523733148418702	358422.4101704349741340
755153706.0000000000000000	1.6662127404976601	-0.6410904019953332	358396.9365009684115648
755153716.0000000000000000	1.6632025046935470	-0.6298046853170574	358371.1251054732128978
755153726.0000000000000000	1.6602294743556558	-0.6185162650011544	358344.9657185114920139
755153736.0000000000000000	1.6572921963295013	-0.6072252368618520	358318.4482223289087415
755153746.0000000000000000	1.6543892803656348	-0.5959316925930849	358291.5626549767330289
755153756.0000000000000000	1.6515193954737888	-0.5846357200106516	358264.2992183594033122
755153766.0000000000000000	1.6486812666302775	-0.5733374032782965	358236.6482861787080765
755153776.0000000000000000	1.6458736714858877	-0.5620368231189645	358208.6004117922857404
755153786.0000000000000000	1.6430954374942615	-0.5507340570123547	358180.1463359640911222
755153796.0000000000000000	1.6403454391109329	-0.5394291793798178	358151.2769945207983255
755153806.0000000000000000	1.6376225952164647	-0.5281222617575425	358121.9835258936509490
755153816.0000000000000000	1.6349258666636484	-0.5168133729589077	358092.2572785560041666
755153826.0000000000000000	1.6322542539734197	-0.5055025792267873	358062.0898183491080999
755153836.0000000000000000	1.6296067951905839	-0.4941899443765561	358031.4729356914758682
755153846.0000000000000000	1.6269825639112654	-0.4828755299304555	358000.3986526681110263
755153856.0000000000000000	1.6243806672910763	-0.4715593952439523	357968.8592300070449710
755153866.0000000000000000	1.6218002443020951	-0.4602415976246479	357936.8471739161759615
755153876.0000000000000000	1.6192404640489970	-0.4489221924442770	357904.3552428092807531
755153886.0000000000000000	1.6167005241590267	-0.4376012332442665	357871.3764538997784257
755153896.0000000000000000	1.6141796492610176	-0.4262787718353178	357837.9040896501392126
755153906.0000000000000000	1.6116770895837313	-0.4149548583914111	357803.9317041076719761
755153916.0000000000000000	1.6091921195878276	-0.4036295415386264	357769.4531290838494897
755153926.0000000000000000	1.6067240367426237	-0.3923028684391272	357734.4624802060425282
755153936.0000000000000000	1.6042721602608980	-0.3809748848706414	357698.9541628248989582
755153946.0000000000000000	1.6018358299691160	-0.3696456353017337	357662.9228777792304754
755153956.0000000000000000	1.5994144052288517	-0.3583151629631696	357626.3636270053684711
755153966.0000000000000000	1.5970072639273416	-0.3469835099156109	357589.2717190152034163
755153976.0000000000000000	1.5946138014535003	-0.3356507171139063	357551.6427742075175047
755153986.0000000000000000	1.5922334297942702	-0.3243168244681931	357513.4727300303056836
755153996.0000000000000000	1.5898655766171790	-0.3129818709020262	357474.7578459987416863
755154006.0000000000000000	1.5875096845107977	-0.3016458944077294	357435.4947085427120328
755154016.0000000000000000	1.5851652100456453	-0.2903089320991556	357395.6802356950938702
755154026.0000000000000000	1.5828316230822657	-0.2789710202620272	357355.3116816319525242
755154036.0000000000000000	1.5805084060402952	-0.2676321944020175	357314.3866410376504064
755154046.0000000000000000	1.5781950531408231	-0.2562924892907248	357272.9030533079057932
755154056.0000000000000000	1.5758910697872763	-0.2449519390096824	357230.8592065852135420
755154066.0000000000000000	1.5735959718645560	-0.2336105769925343	357188.2537416256964207
755154076.0000000000000000	1.5713092851291772	-0.2222684360655032	357145.0856554964557290
755154086.0000000000000000	1.5690305446595478	-0.2109255484862722	357101.3543050941079855
755154096.0000000000000000	1.5667592941900921	-0.1995819459813855	357057.0594104928895831
755154106.0000000000000000	1.5644950855968607	-0.1882376597822764	357012.2010581195354462
755154116.0000000000000000	1.5622374784021673	-0.1768927206600241	356966.7797037344425917
755154126.0000000000000000	1.5599860391658777	-0.1655471589589277	356920.7961752535775304
755154136.0000000000000000	1.5577403410384838	-0.1542010046289928	356874.2516753654927015
755154146.0000000000000000	1.5554999632418669	-0.1428542872574134	356827.1477839816361666
755154156.0000000000000000	1.5532644906511477	-0.1315070360991293	356779.4864604920148849
755154166.0000000000000000	1.5510335132363509	-0.1201592801065376	356731.2700458280742168
755154176.0000000000000000	1.5488066256974655	-0.1088110479584345	356682.5012643495574594
755154186.0000000000000000	1.5465834269571315	-0.0974623680882551	356633.1832255311310291
755154196.0000000000000000	1.5443635197864076	-0.0861132687116837	356583.3194254441186786
755154206.0000000000000000	1.5421465103297924	-0.0747637778536978	356532.9137480705976486
755154216.0000000000000000	1.5399320077177074	-0.0634139233751125	356481.9704663930460811
755154226.0000000000000000	1.5377196236272612	-0.0520637329986862	356430.4942433070391417
755154236.0000000000000000	1.5355089719650041	-0.0407132343348489	356378.4901323150843382
755154246.0000000000000000	1.5332996683360851	-0.0293624549071134	356325.9635780304670334
755154256.0000000000000000	1.5310913297354936	-0.0180114221772261	356272.9204164789989591
755154266.0000000000000000	1.5288835741258293	-0.0066601635701151	356219.3668751846998930
755154276.0000000000000000	1.5266760200753708	0.0046912935013055	356165.3095730645582080
755154286.0000000000000000	1.5244682863246364	0.0160429216114226	356110.7555200923234224
755154296.0000000000000000	1.5222599914188339	0.0273946932972440	356055.7121167881414294
755154306.0000000000000000	1.5200507533253351	0.0387465810336960	356000.1871534595265985
755154316.0000000000000000	1.5178401890571556	0.0500985572088430	355944.1888092579320073
755154326.0000000000000000	1.5156279142215647	0.0614505940989727	355887.7256510090082884
755154336.0000000000000000	1.5134135426675992	0.0728026638434911	355830.8066318342462182
755154346.0000000000000000	1.5111966860933679	0.0841547384195680	355773.4410895556211472
755154356.0000000000000000	1.5089769536268303	0.0955067896164761	355715.6387448804453015
755154366.0000000000000000	1.5067539514009773	0.1068587890095634	355657.4096993841230869
755154376.0000000000000000	1.5045272821588824	0.1182107079337991	355598.7644332516938448
755154386.0000000000000000	1.5022965448076484	0.1295625174568271	355539.7138028228655457
755154396.0000000000000000	1.5000613340439723	0.1409141883514673	355480.2690379070118070
755154406.0000000000000000	1.4978212398175019	0.1522656910675937	355420.4417388765141368
755154416.0000000000000000	1.4955758469583631	0.1636169957033236	355360.2438735524192452
755154426.0000000000000000	1.4933247346840299	0.1749680719754425	355299.6877738581970334
755154436.0000000000000000	1.4910674761081009	0.1863188891889951	355238.7861322574317455
755154446.0000000000000000	1.4888036377716485	0.1976694162059582	355177.5519979791715741
755154456.0000000000000000	1.4865327791304359	0.2090196214129196	355115.9987730057910085
755154466.0000000000000000	1.4842544520112715	0.2203694726876735	355054.1402078634127975
755154476.0000000000000000	1.4819682001598482	0.2317189373646431	354991.9903971748426557
755154486.0000000000000000	1.4796735585512339	0.2430679821990389	354929.5637750057503581
755154496.0000000000000000	1.4773700528908011	0.2544165733296468	354866.8751099873334169
755154506.0000000000000000	1.4750571990202592	0.2657646762401455	354803.9395002266392112
755154516.0000000000000000	1.4727345022489413	0.2771122557188397	354740.7723679970949888
755154526.0000000000000000	1.4704014567322770	0.2884592758166895	354677.3894542185589671
755154536.0000000000000000	1.4680575447791508	0.2998056998035110	354613.8068127222359180
755154546.0000000000000000	1.4657022361589187	0.3111514901222150	354550.0408043088391423
755154556.0000000000000000	1.4633349873768489	0.3224966083409395	354486.1080905878916383
755154566.0000000000000000	1.4609552408356932	0.3338410151029272	354422.0256276214495301
755154576.0000000000000000	1.4585624241065298	0.3451846700739811	354357.8106593554839492
755154586.0000000000000000	1.4561559490152607	0.3565275318873296	354293.4807108491659164
755154596.0000000000000000	1.4537352108112218	0.3678695580857139	354229.0535813104361296
755154606.0000000000000000	1.4512995871821213	0.3792107050604996	354164.5473369201645255
755154616.0000000000000000	1.4488484372940449	0.3905509279875981	354099.9803034812211990
755154626.0000000000000000	1.4463811007731102	0.4018901807599720	354035.3710588552057743
755154636.0000000000000000	1.4438968966032930	0.4132284159164801	353970.7384252324700356
755154646.0000000000000000	1.4413951219510743	0.4245655845667931	353906.1014611981809139
755154656.0000000000000000	1.4388750510363937	0.4359016363121020	353841.4794536326080561
755154666.0000000000000000	1.4363359337616135	0.4472365191613112	353776.8919094270095229
755154676.0000000000000000	1.4337769944210410	0.4585701794423871	353712.3585470290854573
755154686.0000000000000000	1.4311974302601838	0.4699025617085038	353647.8992878179997206
755154696.0000000000000000	1.4285964099591038	0.4812336086386078	353583.5342473182827234
755154706.0000000000000000	1.4259730720482768	0.4925632609319799	353519.2837262563407421
755154716.0000000000000000	1.4233265232285015	0.5038914571963473	353455.1682014595717192
755154726.0000000000000000	1.4206558365076358	0.5152181338290611	353391.2083165990188718
755154736.0000000000000000	1.4179600493719429	0.5265432248908053	353327.4248728100210428
755154746.0000000000000000	1.4152381616998431	0.5378666619712713	353263.8388191517442465
755154756.0000000000000000	1.4124891336344847	0.5491883740461698	353200.4712429400533438
755154766.0000000000000000	1.4097118832814957	0.5605082873249068	353137.3433599648997188
755154776.0000000000000000	1.4069052842502188	0.5718263250881856	353074.4765045680105686
755154786.0000000000000000	1.4040681630994365	0.5831424075147339	353011.8921196199953556
755154796.0000000000000000	1.4011992965001585	0.5944564514962798	352949.6117463791742921
755154806.0000000000000000	1.3982974082761441	0.6057683704398265	352887.6570142582058907
755154816.0000000000000000	1.3953611662778265	0.6170780740561758	352826.0496304798871279
755154826.0000000000000000	1.3923891789420526	0.6283854681335690	352764.8113696593791246
755154836.0000000000000000	1.3893799916868097	0.6396904542951926	352703.9640632839873433
